rmsd and score between current and native structure
rmsd		score
repacking frequency for this run is 10
45.6961479187 212.315255043
25.7490215302 144.448297731
23.9741363525 123.001314819
23.417755127 120.643301006
23.0244808197 116.055073913
22.8368797302 112.475660283
22.8579769135 113.283459719
22.79413414 110.441807436
23.2822952271 111.284244011
23.0863399506 107.501607167
23.2810668945 110.421456426
23.1985816956 107.103845362
23.511051178 107.497046686
23.5018081665 106.98688368
23.5394954681 103.918724666
23.0471382141 107.124831295
23.5648574829 106.968627308
23.342086792 100.690880026
23.484210968 97.9670113414
23.7618560791 97.8575083594
23.5414924622 97.7850454915
23.6955184937 91.6528747075
23.7897186279 95.4165835519
23.5210762024 92.3251016897
23.7958164215 97.280652769
23.794418335 105.457665746
23.9208126068 99.6036972912
23.4851722717 95.8073809508
23.7622089386 100.262648417
23.4390144348 94.9334857128
23.8989295959 98.2576926977
23.6080036163 97.0637560486
23.6626014709 98.2623189635
23.2179832458 95.4375452959
23.1710796356 98.1145496015
23.3880405426 96.484363538
23.348772049 94.0342327701
23.4083461761 98.3774900589
23.6255817413 98.6697606395
23.5235099792 100.175070763
23.8128700256 97.2954517129
23.5066738129 99.3549388446
23.5954914093 95.3115471505
23.4140739441 90.875419809
23.5606880188 93.4580108783
23.9264030457 97.2647248698
23.7039489746 96.1496540712
23.6000766754 93.7881248267
23.8553981781 96.5075654483
24.2195701599 100.169053455
23.7574176788 97.4185153343
23.6289520264 100.251505165
23.6692848206 99.2034381385
23.2472190857 92.8496735326
23.5111618042 94.095409871
23.6004142761 97.7970235069
23.6763954163 101.180794967
23.9492073059 96.9466239099
24.0590019226 98.3163659802
23.8574390411 98.2007530524
23.734046936 102.049111138
23.7814769745 103.923796366
23.8183345795 104.968197071
24.0219097137 104.894211285
23.9135856628 105.159555867
23.8642139435 105.183031859
23.8996257782 106.139871647
24.0419654846 108.893995127
23.9193572998 109.729990741
23.7281246185 103.943224874
23.839017868 104.387590786
23.4886875153 104.336948109
23.3787326813 108.935006834
23.5505523682 108.029724805
23.1654129028 110.191882151
23.3052482605 109.148138029
23.4318447113 102.725274644
23.4860610962 111.245158613
23.9941082001 103.334756552
24.1152057648 101.810133361
23.9406280518 100.569618246
24.1224899292 100.041528398
24.3283901215 98.3976636545
24.4264907837 100.285732435
24.5158100128 103.662298987
24.5198459625 102.494910931
24.4440841675 103.398462357
24.7695598602 105.254533613
24.540807724 107.096475898
24.4290275574 100.643402966
24.4124145508 102.260713131
24.6045150757 103.513080304
24.7877883911 104.024498901
24.8463897705 104.056766021
24.6634235382 104.085849306
24.6381034851 104.047043621
24.7208499908 103.092289681
24.53099823 108.633907087
24.5480747223 104.686902426
24.1457691193 101.421327933
24.5368270874 102.697697356
24.3106117249 101.037947734
24.0757446289 102.610938011
24.2181110382 100.273812461
24.0635967255 99.9300293864
24.1263370514 100.264846571
22.7713680267 97.2376726838
21.8725337982 95.405381382
22.6976051331 90.8086704108
22.6959133148 94.4280876312
22.9290008545 94.4942015741
23.2565326691 94.9126430497
22.9739608765 94.5155355285
22.9858341217 92.0633201063
22.6505470276 95.1408496964
22.378824234 92.2645656055
22.5355396271 91.6132541967
22.7103271484 88.7439207732
22.8484802246 95.8508572759
22.6460380554 88.4827894149
22.564956665 90.0353439267
23.1698360443 93.7305403877
22.9662723541 88.774615284
22.9320030212 87.0276545033
22.7182235718 87.7680210589
22.1247138977 85.6604562363
22.3253192902 89.0069863431
22.5377540588 90.3815376996
22.5078620911 86.5314310333
22.7136669159 89.1506042096
22.402305603 89.9151283036
22.7926845551 90.1158970739
22.6080951691 85.0428271562
22.3086471558 84.464067849
21.9820556641 89.1378385157
21.5459709167 93.2007653155
21.5936737061 89.5531063932
21.993850708 95.2057642292
22.4303340912 96.9521940081
21.7373752594 94.6323904363
21.6437034607 91.8862746834
21.3697891235 96.8095008595
22.2683391571 91.660720269
21.5381069183 95.2033098692
21.7686214447 96.1251368834
21.2720966339 88.3764434265
20.8960227966 92.7200343793
20.8053092957 94.2567448811
20.9198226929 99.2975572382
21.2187023163 88.1698615451
21.2032012939 91.4530743902
21.1387844086 93.1985016102
20.6054496765 99.9155641629
20.5690746307 97.3590591448
20.7470111847 94.0683805725
20.8405857086 93.3589998394
21.0230846405 83.6921876716
20.8682575226 88.7297902399
20.9322738647 93.6523560002
20.5610599518 94.5353817396
20.8419799805 91.6349995837
20.4315929413 92.4193917443
20.6805419922 93.1253297299
20.6031360626 95.9136672465
20.667388916 94.0917291247
20.9845924377 92.9239886835
21.0233440399 86.3605090024
20.6990566254 90.2373356792
20.4423828125 93.6183528301
best score this run is 82.926915771
it has a RMSD of 22.209556579622.2095565796 82.926915771
repacking frequency for this run is 100
20.4662647247 94.9362705684
20.5006847382 90.7838583206
20.5489425659 88.1522537126
20.322259903 88.3115278594
20.4048671722 92.9601231395
20.2504272461 101.901441238
20.6597690582 102.202365645
21.16954422 95.4130179695
20.8242206573 94.7757391378
20.9200248718 93.1829026688
21.2196521759 97.5815994712
21.2474441528 97.135317334
21.2108783722 98.6564544965
20.9988327026 92.7830966821
20.9666824341 93.3815667239
20.9552631378 91.3159008678
20.9951248169 87.9261338075
21.0317382812 86.7322355906
20.3932628632 92.9880127166
20.5940876007 87.0259133023
20.3530406952 84.163617332
20.4759788513 84.6630284377
20.2765903473 90.3145730164
20.3356552124 87.5005134302
20.4613380432 86.4195481963
20.3792114258 86.1076786583
20.6837291718 90.423665397
20.4085884094 91.4296101161
20.7755393982 99.2493798804
21.5542812347 94.0689209406
21.3239345551 94.5878786747
21.0549316406 89.6100963373
20.6712112427 91.9353805261
20.5123214722 87.2405677246
20.2920322418 85.8366900551
20.8938388824 90.9897543765
20.3957309723 87.295068808
20.3203392029 92.0094963388
20.5203323364 88.88524873
20.4206733704 83.8943845771
20.7218647003 96.2382169165
20.5678577423 93.2622413136
20.8252506256 96.2734526732
20.7334747314 87.8289956413
20.5367069244 89.0378604518
20.6154251099 77.6176322625
20.3953056335 87.757814607
20.4935588837 85.2280109561
20.5076293945 88.0620759723
20.3362464905 89.4720564826
20.2302265167 87.9521548201
20.185131073 83.7744232244
20.222038269 89.3845315948
20.0965023041 80.9454816051
20.227804184 86.2640170306
20.4742660522 88.4396562508
20.2628097534 88.5980045002
20.3153972626 98.0574113118
20.4226856232 87.3385015585
20.1994819641 88.6144048947
20.4034748077 88.0215196856
20.3203372955 91.2787813575
20.2292804718 93.7556121582
20.0462188721 90.9006657896
19.9514732361 94.2913877818
19.9542217255 97.1292184219
20.1054897308 92.8828146022
19.8751678467 91.9172004821
20.142457962 89.6409517624
20.040019989 89.9996646431
19.8309402466 87.9699701146
19.9088878632 86.2362245669
19.9903373718 85.5857056495
19.9719486237 89.8457588124
20.6309909821 99.0729877571
19.9514503479 103.728488099
19.7532157898 95.0571316211
20.0761184692 95.5816425692
19.9422149658 93.1635331973
20.049659729 96.4901333365
20.1971740723 90.4026149527
20.3817825317 92.9009626866
20.3661499023 91.7612537242
19.8451347351 95.3423525654
20.3918533325 93.4150087431
20.4606685638 89.965750262
20.2673397064 89.3248225714
20.1441726685 89.017499869
20.2172775269 91.4419665814
20.3494987488 86.500241134
20.808757782 85.0111892249
20.8608474731 80.719838598
20.7478370667 87.882778319
20.6483707428 91.44311581
20.4841156006 85.672742714
20.8385009766 88.4539863545
20.742647171 86.8054771702
20.9271526337 86.7721220389
20.8801422119 82.26664166
21.0724105835 82.3781486243
20.9417858124 87.7254471335
21.0385818481 91.0353612968
20.9339923859 85.3494850143
20.9741535187 87.53554496
20.9117450714 84.5902510867
20.6612434387 87.808796989
20.7507514954 85.4207063605
20.8465099335 85.7307875756
20.6391658783 88.884683185
20.7827625275 93.8996395664
20.5234279633 94.1950479623
20.5571327209 87.4598601942
20.3987464905 93.0653735225
19.8054714203 87.0283825089
20.1519737244 91.9270788202
19.9181957245 84.2568178858
19.850446701 88.2315869272
19.8807868958 86.7699236152
20.0832386017 90.2837055154
19.9943237305 85.3113935424
20.156288147 92.3907483656
20.3711147308 87.1564959568
20.2424240112 88.8910863117
20.1489429474 83.7988702845
19.9576473236 85.1110591567
20.1875591278 89.1201455311
20.2318630219 84.9264567802
20.3711872101 85.0496942593
20.1864566803 90.5298837855
20.3208961487 93.0993473341
20.5863208771 90.5555915966
20.2784824371 88.4340978637
20.2731113434 92.9836328704
20.0758247375 91.2056414911
20.1907310486 93.1515171157
20.3235359192 99.6220278233
19.5690097809 100.210073897
19.3596935272 91.2604465698
19.3680725098 93.6941658674
19.5391769409 96.6885956632
19.5913391113 89.7274265802
19.5887641907 92.0571139825
19.753200531 90.8767271583
20.0558757782 91.291744825
20.0238895416 92.1777878998
20.1370697021 89.5007573788
20.2107315063 92.4409084437
20.2370681763 94.3743285423
20.0953159332 87.0573487888
20.010181427 91.1200204677
20.1816635132 91.1588831595
19.523235321 87.421294675
19.6573581696 84.8235188614
20.0278358459 89.5089613478
19.9568920135 87.5973354338
19.9629383087 89.3690704067
19.814125061 80.8632951086
20.2049770355 86.3284327672
20.031539917 80.9354082878
20.2586517334 86.6891954822
20.193567276 95.0452180445
20.2929382324 92.4567526596
20.2663955688 89.8091224794
20.1757164001 89.5729374508
20.0974559784 92.5379752438
19.6122665405 85.8902049567
19.705657959 82.7512595272
19.781452179 83.1294566157
19.6866874695 83.6611361853
best score this run is 76.3032899312
it has a RMSD of 20.602552413920.6025524139 76.3032899312
repacking frequency for this run is 1000
19.7567195892 84.5323532944
19.8792648315 84.6140743766
19.9540805817 86.6445968517
20.4189109802 87.3345314386
19.8676071167 87.0317884088
19.5629825592 92.0376827721
19.5405483246 89.0272752528
19.7342357635 86.0375653199
19.3516292572 89.6391472895
19.453502655 87.3263479998
19.4450130463 89.312017783
19.3763370514 88.7821825731
19.3301277161 81.5472175385
19.0940685272 81.2169160883
19.0878391266 85.705414109
19.0716438293 82.7868536965
19.1742534637 80.4509148833
18.9759063721 82.3730057933
19.100227356 81.2290456147
19.2454109192 82.6030844295
19.0876407623 83.1736925164
18.9968318939 82.0144427725
19.123260498 86.6740188369
19.0758304596 80.7082469692
19.0081634521 86.1437481863
19.0354156494 87.9630782533
18.75715065 86.5709392377
19.025970459 85.5726310645
18.9806842804 91.121447498
18.8128700256 88.5434147983
18.8523902893 89.4783136229
18.8848819733 87.1931883184
18.7443561554 86.015628999
19.0041828156 84.6520381445
19.0685043335 80.7018730238
19.2279338837 83.6438243252
19.4290904999 86.9419684584
19.1862850189 84.1095603081
19.2903747559 86.3585795064
19.1384601593 90.1699699555
19.1182384491 83.4978357906
19.1734981537 85.2701497053
19.4013233185 83.6003387536
19.3507804871 85.063075777
19.3435134888 84.7872387542
19.1249351501 87.5475191441
19.0660266876 90.4159822723
18.810251236 91.3342632992
18.6442203522 92.3088163939
18.7104187012 92.5619109601
18.5789890289 82.4788270111
19.0038547516 98.1721698421
18.7264499664 93.1336773715
18.9353599548 92.6475917847
18.7160835266 96.2047432817
18.5971088409 94.9822910384
18.5943946838 98.9483085235
18.4794235229 93.5563293161
18.6789016724 88.5119645449
18.9872341156 97.6222618705
18.842590332 95.7668588759
18.9116744995 98.7980919481
18.940530777 103.871062681
18.9341373444 97.4403412548
18.8480358124 93.0544596575
18.8066596985 86.2133181081
18.8733100891 84.3673699276
19.170501709 88.3046849177
18.5680274963 82.7313736048
18.7268810272 88.8553475902
18.7219371796 82.4167268174
18.911491394 80.4010785756
18.9772071838 75.4969730102
19.2986278534 81.4331997375
18.9851341248 76.2472660758
19.2135982513 79.6122607491
18.8322067261 79.5759862769
18.6757640839 80.6100867877
19.082901001 82.9870096947
19.333278656 80.9206512199
19.1119632721 79.8356561946
18.7935771942 82.9131849428
19.1722793579 84.1101651525
19.7010707855 82.8673936053
19.3677654266 79.3641050329
19.4778347015 81.3477193723
19.3397445679 75.8284515771
19.2376213074 83.0524263127
18.968580246 83.0905257472
19.1164970398 77.0536338536
19.0012664795 75.9544754881
18.8123226166 78.9183375735
18.7571468353 83.4393331129
18.6537685394 78.1442721301
19.0012130737 80.4116380628
18.76811409 83.8304094611
18.6203422546 82.4600996555
18.3213882446 81.4284604156
18.2757072449 82.7013306967
18.5881404877 81.5191298023
18.5520744324 79.795171493
18.5185184479 78.5519906194
18.5631332397 78.4359272812
18.7604007721 77.9291073916
18.8015632629 80.8245022098
18.4434967041 73.1695482004
18.5623970032 85.3769370465
18.5713424683 77.1774189411
18.7740001678 80.2480901655
18.6220817566 81.1165783261
18.677230835 80.7309620918
18.9557781219 87.8763142035
18.8823719025 78.7744359611
18.7646617889 78.8295095566
18.6571483612 77.0994497942
18.565820694 78.8253674779
18.7383804321 84.8240214871
18.8911151886 81.8337625292
18.9346694946 76.4992631245
19.0588684082 80.1773869727
18.938337326 79.8901354208
19.055847168 74.9706984234
18.9856929779 76.1568475333
18.8070716858 72.2326477893
18.8945560455 76.6788616384
18.9571113586 77.2575101662
19.0005741119 75.1324445718
18.9581699371 79.9372028749
19.297252655 79.6124019057
19.3628311157 75.7044468001
19.5639896393 75.8653166003
19.5075874329 74.5127701735
19.4042396545 75.5217236262
19.2854766846 80.7591730542
19.3435516357 70.5347887725
19.3486766815 73.8911050849
19.1483783722 78.1077078669
18.9119758606 80.9965958786
19.0316982269 73.5512777124
19.20844841 73.4075236129
18.9450092316 69.4957954307
19.0999526978 74.3744780361
18.9626235962 78.3865100764
19.3681354523 83.2907118478
19.5014686584 81.2884731912
19.3451747894 80.1939532778
19.2924575806 81.8920227997
19.161901474 83.8367710897
18.9340591431 78.7364879253
19.431760788 88.3973621547
19.0252189636 86.8943708948
18.9864406586 86.9163430308
18.9823207855 90.7678784513
18.7948322296 82.3354063115
18.7146110535 79.3093609548
18.856595993 75.9924486291
19.0617637634 74.1874470835
19.2893199921 78.0742653019
19.4077987671 77.0296900455
19.2703208923 78.7555030636
19.1601238251 81.2561173987
19.1644554138 81.595353824
19.2399520874 82.135703319
19.4820137024 82.5278162752
19.4612140656 83.319057235
19.1238670349 79.9375398637
19.303691864 77.9847577864
19.3063240051 79.349766583
19.3573932648 84.9562261692
19.1879196167 78.725530502
best score this run is 68.6170776335
it has a RMSD of 19.040578842219.0405788422 68.6170776335
repacking frequency for this run is 10000
19.3059024811 74.6749594598
19.4913539886 80.4379202662
19.5462093353 77.012866795
19.324382782 75.696088011
19.3061103821 78.3005667343
19.4990215302 77.6535766023
19.5163516998 75.9786462811
19.3286190033 81.1478061707
19.081867218 87.571661483
19.4740619659 83.4272147145
19.0960788727 78.7853310428
19.5304088593 82.8445658038
19.5321426392 81.2679965847
19.2894535065 81.2276608861
19.127073288 77.5728204511
18.8358058929 76.2879554136
18.7367343903 78.3736590108
18.9176540375 75.0570606501
18.6647777557 74.2867755806
18.6648578644 75.6834522922
18.5536289215 79.8478977034
18.7649211884 72.7637078992
19.3598632812 82.7752613625
19.1977348328 72.7223727898
19.0904426575 79.0439739734
18.8761177063 76.2494216492
18.9434013367 75.1645633967
18.806552887 72.9245553734
18.9128627777 83.2317074902
18.9298095703 85.0345916922
18.8641605377 83.4579926934
19.1850852966 79.7832974709
19.0577507019 81.2978615225
18.8506774902 78.6843987464
19.0648803711 76.0707647283
19.1787662506 76.6062898046
18.7156963348 79.9297858977
18.6940917969 73.4680787213
18.9160480499 72.8134395376
19.0450077057 75.0209208781
18.7642650604 79.500693418
18.6690483093 75.8235525767
18.8966159821 76.1116162854
18.8283882141 75.5747313275
18.7413368225 82.5501610944
18.6781597137 76.3375288026
18.8175907135 79.8352195148
18.6019001007 75.2560575899
18.6968250275 79.6364193235
18.5356559753 80.3703094176
18.5354557037 86.350508924
18.4858913422 82.6487263598
18.5376529694 73.8720552624
18.6273593903 77.5441213183
19.1327781677 86.8309447151
19.489282608 77.9938556749
19.1704998016 80.7635672407
18.9119606018 74.9864099008
18.9652709961 76.2890535441
18.6189060211 75.8254601633
18.3948249817 78.8022053981
18.5265579224 75.9622517409
18.3941555023 75.3356679039
18.4603481293 71.8165754395
18.5670146942 78.4125015213
18.3785800934 74.2587230865
18.6100673676 81.0997363706
18.4826908112 85.6136566014
18.5597000122 83.3408455234
18.3810958862 78.9652310351
18.3130168915 84.7187643424
18.4263572693 82.7877162214
18.470249176 83.7770366672
18.7582244873 77.5229136582
18.6770401001 83.7253492674
18.8388328552 78.9324721425
18.7443027496 78.5476792765
18.632894516 85.8713496988
19.0219802856 87.7910136379
18.8840637207 86.7377239565
18.9769992828 79.3497154602
19.0583591461 77.8542738271
18.8077220917 79.220059623
18.668844223 73.1412308771
18.7020530701 81.8797346577
18.6939544678 73.7645297784
18.4167346954 86.1669553446
18.3517456055 79.3155065828
18.6864795685 76.4920490467
18.4410305023 76.7238279717
18.5453166962 81.9102693832
18.5669689178 75.1850497252
18.4925708771 85.1055271242
18.3971805573 79.4242859884
18.1699314117 79.8876835197
18.0821056366 81.2937824266
18.3607349396 85.969233406
18.0207996368 74.6605062616
17.9337787628 78.5765221342
17.9321498871 79.9581693406
18.1185207367 78.8587362084
18.1550045013 77.7000220029
18.2535438538 72.418816529
18.238193512 76.2068154772
18.5614280701 77.8889874844
18.6033096313 75.8642012921
18.4627399445 78.6396346399
18.687456131 73.3224909654
18.6771392822 86.3254343406
18.4306468964 81.1372576035
18.3096923828 75.2730279388
18.4514770508 70.9132047222
18.4107074738 73.7513690349
18.2610092163 72.6415696064
18.090959549 82.4458521955
17.972442627 80.2594710852
18.1490440369 82.8683424825
18.2515106201 82.4453407537
18.0206069946 77.5580749968
18.0449981689 77.152380963
18.0744438171 70.3036599447
17.9386444092 75.143302145
18.0543251038 74.1651003908
18.0161399841 69.3484887481
18.0189380646 73.127513737
18.4029636383 73.3079761301
18.283454895 71.9513450694
18.3004665375 72.5872231928
18.5812721252 74.1125242868
18.6033306122 82.8624466111
18.6516075134 79.8997356783
18.6741523743 74.5902169332
18.5658493042 81.799050716
18.6327590942 73.7283389038
18.7137145996 78.0222507511
19.2447605133 81.5917823297
19.2234802246 83.584139554
19.6486339569 78.1847015665
19.5207004547 77.3328371111
19.3753261566 84.4001150852
19.2273597717 79.3644419183
19.2816390991 73.4926443796
19.6353549957 76.01095033
19.4915981293 77.4838769274
19.3406562805 81.2365165589
19.4529705048 77.9245104884
19.6261386871 78.2361087936
19.6026878357 80.850912548
19.3355903625 88.0992459442
19.7783603668 80.240342592
19.6180057526 82.4677812863
19.8528423309 77.9310269632
19.6751289368 79.0787896522
19.6472072601 75.8864872801
19.4670696259 78.811038814
19.5628128052 76.9199072328
19.6775836945 75.4613643986
19.5640850067 76.1882561061
19.4294891357 77.9954164343
19.2113819122 76.2197431812
19.2421474457 79.0555607039
19.3788948059 73.7101380984
18.9513912201 80.2094909087
19.0051136017 69.7318726782
19.0031471252 75.5631032862
18.6004047394 77.7235130301
18.6948356628 74.3223760116
18.3795757294 68.8227955891
18.4912319183 74.6532678088
best score this run is 63.3426880348
it has a RMSD of 17.957040786717.9570407867 63.3426880348
