rmsd and score between current and native structure
rmsd		score
repacking frequency for this run is 10
43.6710014343 251.205812193
41.3493118286 241.423730948
41.292427063 240.83622491
41.2703742981 240.682678992
41.2742042542 240.796516712
41.2957305908 240.794864603
40.8756942749 239.217195768
40.7892723083 238.316297225
40.6138420105 237.263110138
40.625743866 236.973923398
40.6250305176 234.316774542
40.6463241577 234.299874092
40.6401329041 234.217462034
40.637462616 234.393261041
40.6162948608 234.282715262
40.6170463562 234.172276799
40.6390304565 234.367930919
40.6521186829 234.640128956
40.660823822 234.602434916
40.6486434937 234.40026386
40.6385421753 234.725734702
40.6255645752 234.483701013
40.6224365234 234.477785218
40.6100692749 234.148157806
40.5965919495 234.010013463
40.6010551453 234.082797372
40.5929031372 234.078179
40.5967292786 234.26491786
40.5787010193 233.763875775
40.5892524719 233.631660216
40.5693435669 233.482696729
40.5661087036 233.328139242
40.5718078613 233.553729038
40.5912742615 234.101621041
40.6352310181 233.601074017
40.637714386 234.332840456
40.6273727417 233.673496065
40.6088562012 233.485045726
40.6139793396 233.904056612
40.6427841187 234.76056517
40.5735397339 233.400108728
40.5765953064 233.427468588
40.5872917175 233.532034707
40.5836372375 233.242100629
40.5448379517 233.214430176
40.5655860901 233.25914069
40.5486869812 233.027502459
40.5583992004 233.196040005
40.5622634888 233.199027612
40.55991745 233.330798144
40.5623283386 233.43549595
40.5605545044 233.447482173
40.538066864 233.294414886
40.5342483521 233.05607879
40.5331535339 233.095849151
40.5311698914 233.065559062
40.5613899231 233.281258384
40.5449447632 233.137045116
40.538433075 233.081620968
40.581615448 233.27268977
40.5849685669 233.020841206
40.5901222229 233.157010527
40.5913467407 233.307376124
40.5943527222 232.992216129
40.5740585327 233.251424384
40.5880699158 233.030689533
40.5432929993 233.596351719
40.5803108215 233.118918906
40.5929222107 233.08801464
40.6044082642 233.379503486
40.6072731018 233.47235831
40.5857467651 233.233114797
40.605884552 233.217087183
40.6205253601 232.854209125
40.6207237244 232.77695532
40.6198654175 232.696017977
40.6298561096 232.594158309
40.6069908142 234.421517907
40.6068077087 232.901934434
40.5889625549 232.533915145
40.5917510986 232.376167624
40.6249961853 233.949261178
40.5571861267 233.09425266
40.5877151489 232.700652457
40.5901679993 232.792517755
40.5566368103 232.859683304
40.5638847351 233.228784686
40.5599555969 233.273509939
40.5915527344 233.072956392
40.569393158 232.834008127
40.5615882874 233.002483133
40.5830802917 233.652446073
40.5623207092 233.354957869
40.509563446 233.160297802
40.5282173157 233.028030885
40.528263092 233.033856712
40.5463066101 232.945568318
40.5538520813 232.702808114
40.5573577881 232.637056031
40.5856704712 232.267040263
40.5782546997 232.953725307
40.564289093 232.453326441
40.6025848389 232.093482858
40.5672340393 232.561696819
40.584148407 232.785353621
40.5829925537 232.863927765
40.5718803406 232.384551127
40.5647468567 233.04940536
40.5584068298 232.090010436
40.5627861023 232.491890373
40.5592918396 232.806785933
40.5528678894 232.632448294
40.5797538757 232.338845293
40.5740356445 232.803909543
40.5678520203 232.552239169
40.5575447083 232.630997875
40.5676422119 232.597870548
40.547328949 232.566733339
40.5495643616 233.07601582
40.5436820984 232.761025314
40.526889801 232.519800907
40.5258255005 232.038996127
40.5276451111 233.165573308
40.5330505371 232.863594804
40.5330276489 232.667539566
40.5320129395 232.402444315
40.5372314453 232.305238072
40.5384941101 232.073748725
40.5289573669 232.434089551
40.5246047974 232.26114545
40.524684906 232.524670741
40.4953460693 232.154700167
40.5116996765 232.308676981
40.4503707886 231.939278594
40.445690155 232.175058212
40.4506645203 232.196658589
40.5108833313 232.227110214
40.4815826416 232.00148741
40.4749679565 231.95804862
40.4919090271 232.026608898
40.491027832 232.078991069
40.4863433838 232.364678745
40.4608421326 232.212006939
40.474193573 232.293432437
40.4586486816 231.887379881
40.4229621887 231.930616277
40.43983078 231.98036291
40.4402503967 232.190009832
40.436466217 232.299005085
40.436340332 231.958893441
40.4291114807 231.889018293
40.408908844 232.018011206
40.4277839661 231.94435616
40.4296875 231.892950487
40.4195785522 231.845764485
40.4301643372 231.941267842
40.4629669189 232.085319746
40.4484901428 232.035675785
40.4483299255 231.959188043
40.4743041992 232.051336055
40.4977340698 231.596633889
40.490447998 231.947665184
40.4981651306 231.820510986
40.5011749268 231.620591194
40.4563941956 231.98684087
40.4685707092 231.443397112
40.4582061768 231.671613911
40.518081665 233.540460789
40.4774208069 232.114143658
40.4657592773 231.199810403
repacking frequency for this run is 100
41.7256202698 244.071506992
41.4302711487 242.43373622
40.9693832397 240.538467514
40.682723999 239.20399944
40.6765785217 239.146783154
40.667263031 238.447710434
40.6626968384 239.208500337
40.5365638733 238.100849685
40.5910224915 237.868216808
40.6020774841 236.597426422
40.5913581848 236.63731321
40.5848617554 236.449825661
40.6986999512 234.655145826
40.7179756165 234.435196274
40.6331443787 232.97078992
40.6544799805 232.570830939
40.6323776245 232.58143015
40.6338272095 232.353811886
40.6305389404 232.035485804
40.6283073425 231.958396419
40.6427078247 232.442968169
40.665397644 231.943808454
40.6768455505 231.990304317
40.6724281311 231.689796613
40.668346405 232.039551041
40.6652870178 231.803674531
40.6513214111 232.43787245
40.6505775452 232.260743031
40.6120452881 232.055167392
40.6499671936 232.032828039
40.6194229126 231.988280432
40.6140632629 231.935852694
40.6083068848 232.049294191
40.5968360901 231.817646787
40.607875824 231.873098184
40.5942955017 232.021548584
40.5860214233 231.678282251
40.6061096191 231.899508804
40.5970497131 231.842462156
40.5907669067 231.5638676
40.5817489624 232.061815127
40.5882377625 231.881370159
40.5792045593 231.832333887
40.5730895996 231.913424327
40.5822143555 231.675949441
40.5850982666 231.919594541
40.5598640442 231.556026788
40.5823745728 232.010655691
40.5753631592 231.812114468
40.5545845032 231.380373441
40.5427627563 231.41390255
40.5778121948 231.795807017
40.5781021118 231.532811129
40.5828475952 231.799092646
40.5755653381 231.75362798
40.5747108459 231.559034365
40.5632781982 231.678604547
40.5852279663 231.710542976
40.5962600708 231.666564868
40.5929336548 231.476422869
40.6002731323 231.588607066
40.5855407715 232.028683228
40.5840988159 231.525972797
40.5937652588 231.673662703
40.6151885986 231.656031346
40.6022224426 231.61420692
40.613822937 231.665942382
40.6047859192 231.544883811
40.579662323 232.046644119
40.5801239014 231.604985015
40.5809822083 231.5974459
40.5616340637 232.19753632
40.5837249756 231.582212512
40.605178833 231.782224525
40.6291313171 231.946187426
40.6246986389 231.600955648
40.6305847168 231.57388026
40.6058540344 231.823300446
40.6272926331 231.540063362
40.6295852661 231.441482338
40.6381530762 231.443510007
40.6492538452 231.312933222
40.6911392212 231.630364608
40.6642990112 231.258339984
40.6232833862 231.322249819
40.6076622009 231.486515699
40.6309738159 231.984699186
40.6281852722 231.215673541
40.638053894 231.493553629
40.6418113708 231.306404583
40.6075210571 231.543778976
40.6411857605 231.800340732
40.5901069641 231.719917558
40.5392341614 231.388536155
40.5451393127 231.495550389
40.5335998535 232.082662843
40.5443305969 231.809515375
40.5708999634 231.551757418
40.578868866 231.91771633
40.5670318604 231.500592276
40.5436019897 231.530356165
40.5566978455 231.475250998
40.5364379883 231.480316819
40.5598487854 231.405529443
40.5542869568 231.178871854
40.5469779968 231.24120252
40.5523223877 231.25415056
40.5629272461 231.802020949
40.5645332336 231.534421299
40.5419273376 231.422168089
40.5264434814 232.173445358
40.5374412537 231.626800178
40.541721344 231.267762222
40.5378608704 231.188717168
40.5914764404 231.663506377
40.5432548523 231.354741398
40.5460968018 231.2907709
40.5512580872 231.510060233
40.5875854492 231.428010032
40.56690979 231.286966312
40.5910644531 231.264376784
40.5921554565 231.224131506
40.6108551025 231.551128381
40.5647964478 231.241080955
40.5747337341 231.534737388
40.5652732849 231.673693173
40.575138092 231.722332147
40.5629196167 231.454511876
40.5585403442 231.905797606
40.5550460815 231.487387566
40.5703048706 231.563799592
40.5819625854 231.371005323
40.5847473145 231.805170665
40.5776519775 231.150697472
40.6034507751 231.201802628
40.6078872681 231.141674141
40.6171379089 231.621482375
40.5923156738 231.272493356
40.5967750549 231.472680981
40.5766944885 231.449567653
40.5589485168 231.524573941
40.6184425354 231.66856588
40.6429824829 232.262092624
40.6002349854 231.609600437
40.5922431946 231.898325646
40.5945091248 231.727942188
40.6412010193 231.458758862
40.6286506653 231.590029737
40.6428375244 231.377926289
40.6495552063 231.246815266
40.6202812195 232.271958157
40.6442909241 230.855535327
40.636756897 231.324613275
40.6590499878 231.092933411
40.6668548584 231.374218795
40.7276077271 231.717840489
40.6856575012 231.157484206
40.66381073 231.300396733
40.6386871338 231.036518166
40.6507797241 230.923053168
40.6448402405 230.92714209
40.6747322083 230.910585055
40.6246147156 231.024314458
40.5537185669 231.536716396
40.6172218323 231.292382229
40.631729126 231.064622349
40.6136550903 231.507708864
40.610710144 231.251543528
40.5809326172 232.194406945
40.6334533691 230.347544138
repacking frequency for this run is 1000
41.3036956787 242.15334566
41.0283813477 240.771135421
40.9829902649 240.492277587
40.9972572327 239.981256393
40.9812736511 239.930872168
40.9594955444 239.419028543
40.9613456726 240.11175533
40.9592399597 239.480720346
40.8802909851 240.066163855
40.6909065247 238.667392203
40.668006897 238.69426513
40.6092300415 238.589993179
40.5930023193 238.507567276
40.4962806702 238.274632218
40.4106674194 238.001749684
40.3963737488 238.029693408
40.3794250488 237.496538455
40.406867981 237.819964441
40.4301338196 237.71828071
40.4319267273 237.787401916
40.4127464294 237.613527231
40.4128112793 237.595109418
40.3895149231 237.38115703
40.3798217773 237.412644727
40.3797950745 237.61641655
40.4214706421 237.953969484
40.366230011 237.722388719
40.3711891174 237.773508558
40.3848266602 237.187637628
40.3759078979 237.164974786
40.3824005127 237.528080711
40.3458976746 237.195244268
40.3454627991 236.882496443
40.3484916687 236.312900507
40.323841095 236.598476843
40.3123283386 236.045898844
40.2957115173 235.999419471
40.2743110657 235.260024369
40.2566833496 235.661496125
40.2414932251 235.115295292
40.2217636108 235.156304151
40.2481880188 235.42200158
40.2539405823 235.291981083
40.2674064636 235.376139783
40.2998390198 235.26898471
40.2757453918 235.523827841
40.2800178528 234.100100877
40.3011665344 234.958093528
40.307975769 234.713391253
40.3701095581 234.568911887
40.3591804504 234.160518102
40.3591957092 234.096477108
40.3497772217 234.020281488
40.3564949036 234.609649233
40.356300354 234.754631669
40.3529701233 234.447864011
40.3632469177 234.13880275
40.3172073364 232.835294416
40.2862129211 231.860629728
40.2756690979 231.74241069
40.2778968811 231.789114016
40.2771377563 232.152652996
40.2854270935 232.42436758
40.2750282288 232.200707218
40.2691688538 232.056099198
40.2804260254 231.740719269
40.295009613 232.112227604
40.2898368835 231.843897446
40.2696685791 231.622850819
40.2716026306 231.524042984
40.2765655518 231.580041008
40.2716636658 231.483913013
40.2787475586 231.720851762
40.3000717163 231.836849168
40.2812919617 231.960488488
40.2834777832 231.590257385
40.2990722656 231.770358768
40.3196182251 232.185497762
40.347076416 232.402962327
40.3221282959 232.287486694
40.2793388367 231.552229161
40.2899208069 231.64522066
40.2925567627 231.798592408
40.2805328369 231.554224798
40.2944488525 232.039751665
40.3065795898 231.943757436
40.3201828003 232.163196713
40.295463562 232.145572072
40.3163795471 232.473049728
40.231136322 231.881631056
40.2707824707 231.869846343
40.2744827271 231.865884166
40.2765617371 231.715385504
40.2779273987 231.722324364
40.267162323 231.877765985
40.2421112061 231.814363811
40.2221450806 231.675067431
40.2243995667 231.741854502
40.2312202454 231.891397193
40.2515335083 231.769496859
40.2588577271 232.006691855
40.2631378174 231.833502892
40.2570953369 231.939680732
40.2302436829 231.772248066
40.2231140137 231.421543135
40.2248344421 231.348619848
40.2279777527 231.33329922
40.2500572205 231.904719479
40.2385902405 231.561265343
40.2486419678 231.465856814
40.2576789856 232.070647002
40.2806472778 231.959432598
40.3185043335 231.793543129
40.3328437805 231.693601523
40.3241271973 231.899269499
40.3111457825 231.530234048
40.3118286133 231.535412464
40.3219528198 231.667304132
40.3073654175 231.668056183
40.2821083069 231.622502604
40.3012008667 231.660950854
40.2817802429 231.986869163
40.3213653564 232.061970453
40.2781639099 231.364222608
40.2651405334 231.564368379
40.2543449402 231.42513647
40.2815666199 231.635829767
40.2730674744 231.17510977
40.2845878601 231.016941552
40.2720565796 231.239411174
40.2704544067 231.099118032
40.2375411987 230.68265229
40.2410736084 230.83131467
40.2161827087 230.843597013
40.2210884094 231.122020922
40.2089004517 230.666574725
40.213596344 230.945904096
40.2208862305 230.569682582
40.293094635 231.040095248
40.2204093933 230.686409868
40.2454872131 231.252158043
40.2495727539 230.989516962
40.2556495667 230.842754231
40.2515335083 230.724132921
40.2607765198 230.61083727
40.2237243652 230.382690902
40.2112693787 230.281572099
40.2104797363 230.334402636
40.2243080139 230.540471861
40.2338523865 230.655008715
40.2177581787 230.275777754
40.2501487732 230.67568598
40.2985992432 230.863617185
40.2447776794 230.412632251
40.2587280273 230.419548106
40.2763404846 230.545380488
40.2377433777 230.71657576
40.262260437 230.727088666
40.2441596985 230.409106242
40.2499427795 230.587354453
40.2625732422 230.446078736
40.2648277283 230.384177828
40.2196617126 230.858170154
40.2521362305 230.370284028
40.2312088013 230.331431305
40.2521018982 230.61379062
40.2464141846 230.721786993
40.2351760864 230.217572835
40.233215332 230.635875415
40.2479019165 230.047985515
repacking frequency for this run is 10000
42.0830612183 245.617122611
40.7951316833 238.855481431
40.5840950012 237.36606567
40.5936813354 237.462465768
40.5987281799 236.933315941
40.6320991516 237.09834014
40.5369110107 236.351132168
40.5711708069 236.765869316
40.595993042 236.969721908
40.3812828064 233.506176066
40.3808288574 232.965050484
40.3679466248 232.822765018
40.3447647095 232.389922731
40.3355255127 232.247488808
40.3442268372 232.240539803
40.3233909607 231.935961829
40.3424568176 232.103611898
40.3446998596 232.08057205
40.331905365 232.034929081
40.341632843 231.753298798
40.3549842834 231.694321528
40.3634681702 231.809372955
40.3614692688 231.591799351
40.3655700684 231.538844348
40.3489685059 231.570062321
40.3883628845 231.050395763
40.4370880127 230.949489516
40.4639205933 230.482412849
40.4687805176 230.502086457
40.4646682739 230.388684576
40.4680747986 231.125309074
40.454044342 230.993860663
40.4436302185 230.910422778
40.4646606445 231.324279436
40.4670715332 231.048153629
40.4761123657 231.038254076
40.4691238403 230.826968161
40.4802360535 231.147480509
40.4606208801 230.966590324
40.4407310486 231.164713632
40.4290809631 230.908819226
40.4263496399 230.656360071
40.434513092 230.608566129
40.409740448 230.5803351
40.4126853943 230.451189226
40.4347305298 230.901159862
40.4886016846 230.65598744
40.4664993286 230.649409563
40.5017127991 230.944759988
40.5122718811 230.927935292
40.5076675415 230.62730823
40.4890403748 230.547069875
40.5025596619 230.737119715
40.5140724182 230.829966941
40.5085754395 230.980831138
40.5011978149 230.851328181
40.4623794556 230.653061336
40.4462928772 230.70602663
40.4918403625 230.831965966
40.4585876465 230.675867494
40.4614372253 230.764424186
40.4630241394 230.801480982
40.4720687866 230.815458783
40.4789428711 230.883947908
40.4696388245 230.984424729
40.4785919189 230.748266125
40.4777107239 230.797385133
40.4806518555 230.593762038
40.4508209229 230.587385099
40.4858055115 230.878262749
40.4967536926 230.561363704
40.5188369751 231.058925729
40.5428924561 230.885018716
40.5158843994 230.838443438
40.5011711121 230.719801818
40.5093193054 230.901926941
40.4937438965 230.773260037
40.4777946472 230.857075741
40.4702682495 230.892386362
40.4776992798 230.400180867
40.5212860107 230.654401204
40.5189590454 230.760137238
40.4972305298 230.649074453
40.4837608337 230.705410351
40.454875946 230.623445346
40.4985656738 230.663068918
40.4721069336 230.725653972
40.4461135864 230.65106872
40.5066070557 230.702533156
40.4870986938 230.907436611
40.5074005127 230.767092984
40.4906616211 230.730249322
40.4521408081 230.826402718
40.4707374573 230.682563156
40.4354705811 230.470106703
40.4550094604 230.600515088
40.484210968 230.830030696
40.4791412354 230.865496392
40.4705619812 230.929617888
40.4968299866 230.931678995
40.4918861389 230.670358237
40.4777908325 230.621741679
40.4735870361 230.530566909
40.4476966858 230.850911541
40.4324531555 230.699214124
40.4787826538 230.517219963
40.5462226868 231.370015932
40.5792655945 231.584058282
40.5717773438 231.308575693
40.569442749 231.246088168
40.5865783691 231.416579105
40.5813674927 231.596025625
40.5900268555 231.52574647
40.5615730286 231.140717315
40.5819740295 231.207451966
40.5650024414 230.805954749
40.5554695129 230.755099063
40.5778503418 230.649833163
40.5462493896 230.642570559
40.456237793 231.068524699
40.4339942932 231.047106282
40.4281158447 230.529451292
40.3966751099 230.531979054
40.4365844727 230.155768249
40.4131660461 230.390614857
40.4078445435 230.337346335
40.4248390198 230.206016447
40.4031028748 230.033856811
40.4451828003 230.750527696
40.3797492981 230.240172105
40.3721733093 230.304334498
40.3916130066 230.062772313
40.395160675 230.055325663
40.440990448 230.366428513
40.4091529846 230.096979339
40.4309539795 229.940471323
40.409034729 230.048843897
40.4448661804 230.241502302
40.4240951538 230.400393875
40.4072685242 229.814275388
40.4372558594 230.209073939
40.4183120728 229.987267572
40.445098877 230.12381895
40.4286384583 229.845002979
40.4409484863 229.805982203
40.4432525635 229.8802969
40.4201469421 230.013331682
40.4053840637 229.645168398
40.4030265808 230.085256754
40.3993225098 229.948557429
40.4182243347 230.109725552
40.3763694763 229.826863035
40.4044151306 229.752079432
40.3949584961 229.751982359
40.4012451172 229.842833224
40.4237823486 229.801613397
40.4310302734 229.951020061
40.4206237793 229.976190914
40.422504425 230.035072613
40.3962554932 229.794628998
40.3938598633 229.607510815
40.3963012695 229.775435169
40.3946266174 229.662265822
40.421421051 229.858182757
40.4112472534 229.914609336
40.3832626343 229.713648828
40.4350357056 229.727995861
40.4300460815 229.569256513
40.4207763672 229.847871766
40.4109535217 229.518910028
