rmsd and score between current and native structure
rmsd		score
repacking frequency for this run is 10
67.5744018555 1013.93892514
67.0850448608 1012.73418053
67.5151062012 1012.63017166
65.8397216797 1011.83531421
65.8141937256 1011.87910646
65.7942886353 1011.62305803
65.8441848755 1011.71559877
65.6918334961 1011.62701241
65.592590332 1011.55993596
66.1939620972 1011.6418517
66.4251098633 1012.03507735
66.6381912231 1010.70431757
66.1354751587 1010.67345176
66.1817550659 1010.61716972
66.4735107422 1010.7952824
66.0554733276 1010.5971578
65.910446167 1010.4494882
66.3671188354 1010.37870822
66.5796356201 1010.27972094
65.7029037476 1010.02789339
65.9235153198 1009.8966239
65.8106613159 1010.21072689
65.5501556396 1010.04950759
66.2400360107 1010.16550686
66.4236221313 1010.39161252
65.8186569214 1009.84480733
66.6985931396 1009.73726801
66.42137146 1009.66962539
66.9974746704 1009.83056924
66.6234664917 1009.70308358
66.3764419556 1009.73362329
66.5146102905 1010.03947325
65.8608322144 1009.78812247
66.0684661865 1009.78800052
65.8685455322 1009.76797369
66.0715942383 1010.23964013
66.1400756836 1010.03097511
66.692276001 1010.03924917
66.6171951294 1009.88496265
66.8287200928 1010.17580256
66.3517837524 1010.02555171
65.5392150879 1009.74742235
66.2344970703 1009.61304796
65.9578552246 1009.48422016
65.8471069336 1009.74387489
65.7339477539 1009.72173388
66.1412887573 1009.9647423
65.3023376465 1009.73934338
66.1437530518 1009.75203117
65.7145767212 1009.62199562
65.9786682129 1009.88359361
66.5160522461 1009.75318477
66.0424118042 1009.5411551
65.9233474731 1009.46551377
66.0459213257 1009.61641473
65.8672943115 1009.63450871
65.9586715698 1009.31779292
66.2104415894 1009.51106158
65.8518218994 1009.45029332
66.4382247925 1009.51113419
66.5533905029 1009.43873732
66.6145553589 1009.63032153
66.6094970703 1009.48709017
66.0011672974 1009.29289491
65.8011245728 1009.45021138
66.542930603 1009.22611837
66.0382843018 1009.33823296
65.9715118408 1009.2838758
66.0720367432 1009.54287382
66.1448974609 1009.34109697
66.1000518799 1009.53660803
66.4770202637 1009.60100382
65.9497375488 1009.40091954
65.8003997803 1009.84922159
65.9671401978 1009.39243763
66.1791763306 1009.6042357
66.0905075073 1009.28320198
66.0793304443 1009.27270684
65.7999191284 1009.44570317
66.4182739258 1009.51985806
65.9853057861 1009.76628598
66.1483078003 1009.54545197
65.9280929565 1009.54044003
65.5132827759 1009.40091193
66.1721115112 1009.45771573
65.6170501709 1009.41231009
66.1071853638 1009.21300112
66.0872421265 1009.71920341
65.9641418457 1009.48646843
66.1506347656 1009.37950048
66.8117294312 1009.64002807
65.8886413574 1009.29813373
66.1413345337 1009.20614774
66.3143081665 1009.33254355
65.9342193604 1009.26039382
66.055770874 1009.30502251
66.6516876221 1009.27621797
66.4918518066 1009.32786081
66.6569442749 1009.63400011
66.4649047852 1009.69765896
66.474281311 1009.22453154
66.0502700806 1009.56411656
65.9305419922 1009.72767483
66.2820358276 1009.61142527
66.0952529907 1009.45935796
66.1823501587 1009.32724148
65.8822631836 1009.4293055
66.0710220337 1009.37761201
66.0131378174 1009.31224588
66.4217071533 1009.47396434
66.2117080688 1009.37984446
65.9356460571 1009.57769269
65.9440383911 1009.57878978
65.8860473633 1009.47183445
66.6802749634 1009.44416163
65.7624588013 1009.43728905
65.5932006836 1009.70119665
65.9312515259 1009.47074876
65.7839202881 1009.34346613
66.1718902588 1009.36145196
65.5557861328 1009.45466259
65.851272583 1009.41988053
66.2491760254 1009.35504518
65.8829727173 1009.40462228
65.9523086548 1009.4213858
66.4611282349 1009.66224354
65.9825820923 1009.56753773
65.5334320068 1009.12996393
65.0110931396 1008.4467002
65.2577133179 1008.33605801
65.0219039917 1008.38582758
65.2941741943 1008.58742434
65.1154327393 1008.22625055
65.2437667847 1008.45241662
66.1231536865 1008.39123816
65.4577102661 1008.25502582
65.464630127 1008.17431374
65.6070556641 1008.54710145
65.3212127686 1008.48059725
65.4271774292 1008.50478118
65.2244644165 1008.2611241
65.4562911987 1008.44752271
65.297203064 1008.37494574
65.1377182007 1008.36476562
65.342300415 1008.14613214
64.9746932983 1008.25777555
65.3161010742 1008.37233831
65.2236785889 1008.42317709
65.0478744507 1008.32616674
65.3905944824 1008.50666429
65.0684890747 1008.37594581
65.2009124756 1008.23286422
65.0956268311 1008.24503729
65.5401763916 1008.28642255
65.1502761841 1008.37458597
65.2629928589 1008.73722757
65.3170089722 1008.41572192
65.5508499146 1008.43828626
65.2037887573 1008.24881968
65.1437225342 1008.2537994
64.9232406616 1008.03930719
64.9942398071 1008.32566714
65.3990631104 1008.47778964
64.9912796021 1008.18477389
65.7259750366 1008.47558708
64.9734954834 1008.22282682
65.366317749 1008.43843484
64.9606246948 1008.21876479
65.2579116821 1008.42728067
65.2027511597 1008.34890177
65.0165405273 1007.99867914
repacking frequency for this run is 100
67.5000610352 1013.76660458
67.2423248291 1013.14134008
67.6003723145 1013.27580787
67.5324630737 1013.25680659
68.1696548462 1013.59673749
67.9887008667 1013.21317845
67.5562210083 1013.13537374
67.5885009766 1013.17065584
67.8926315308 1013.23766254
67.7633056641 1013.08310524
67.903137207 1013.15874371
67.7083435059 1013.08034847
67.6017684937 1013.14008086
67.5152282715 1012.9763977
67.6428604126 1013.13862145
67.6676940918 1013.35735876
67.3292160034 1013.1599655
67.7431945801 1013.19470784
67.4343185425 1013.04988312
67.5035018921 1013.09819247
67.6937942505 1013.31607341
67.3212966919 1013.1371776
67.2763671875 1013.25348605
67.4114151001 1013.10406963
67.825881958 1013.1114671
67.8066635132 1013.03112122
67.7137680054 1013.17349429
67.8578567505 1013.31144776
67.4097976685 1013.12005558
67.1331481934 1013.30309331
67.0928497314 1013.03224624
67.3795700073 1012.98726746
67.6448669434 1013.0299483
67.2229156494 1013.31743182
67.2120895386 1013.16332408
67.7616424561 1013.22471156
67.5146331787 1012.49461419
67.6126098633 1012.49949056
67.84375 1012.52778597
67.5444641113 1012.30434187
68.0160903931 1012.50338309
67.3698577881 1012.42809176
67.9795303345 1012.49596293
67.2770309448 1012.3838252
67.9003067017 1012.34290893
67.9547576904 1012.32360387
67.362953186 1012.34390689
67.4238510132 1012.41265726
67.5616531372 1012.39056541
67.811668396 1012.58609201
68.0638275146 1012.78520654
67.4674072266 1012.56272703
67.3432769775 1012.61571363
67.4139556885 1012.46070186
67.6774139404 1012.31770402
67.4814529419 1012.31961216
67.5994415283 1012.28312089
67.5226821899 1012.44088479
67.8877563477 1012.66844576
67.7319259644 1012.44382614
67.6920471191 1012.3496908
68.0119400024 1012.42683196
67.7390289307 1012.65608891
67.3270568848 1012.2732877
67.2887573242 1012.46470618
67.5751647949 1012.26085484
67.5078048706 1012.32893545
67.2174758911 1012.75528208
67.2992553711 1012.46848909
67.3968429565 1012.45680586
67.0926208496 1012.38964904
67.7404174805 1012.71325146
67.711479187 1012.38219763
68.2332763672 1012.5416041
67.010635376 1012.57681631
67.709312439 1012.450769
68.0735549927 1012.60767334
67.6041107178 1012.69639577
68.0881652832 1012.46704224
67.4553146362 1012.44069202
67.7782516479 1012.29845517
67.6199111938 1012.95731949
67.5374603271 1012.49969089
67.5427398682 1012.34647797
67.1411590576 1012.63040187
67.740852356 1012.39620762
68.085067749 1012.56076169
68.4516448975 1011.90078394
68.5160064697 1011.91586291
68.6763305664 1011.96413938
68.5673141479 1011.81317036
68.6759185791 1011.80685358
68.5087966919 1011.88000268
68.5337905884 1012.16587853
68.8048782349 1011.79842825
68.5775222778 1011.72741978
68.7495269775 1011.85282394
68.7277526855 1011.97296823
68.6290054321 1011.82808206
68.7253952026 1011.8464552
68.4647598267 1011.69552617
68.5340118408 1011.90548186
68.5565872192 1011.86599472
68.6154251099 1011.86664428
68.5015792847 1012.08847977
68.6860046387 1011.90958587
68.5484848022 1011.88667044
68.7596130371 1011.99186584
68.39453125 1011.84100453
68.6877593994 1011.81326635
68.5970611572 1011.81202107
68.6765441895 1011.76218773
68.5955734253 1012.04421165
68.674446106 1011.94917766
68.590675354 1011.81943192
68.6385498047 1011.88649418
68.5636367798 1011.90272562
68.7068862915 1011.92926957
68.6781921387 1011.96740858
68.6414718628 1011.81180835
68.680519104 1011.72572575
68.6881103516 1011.84854488
68.6959762573 1011.8546381
68.7234191895 1011.7770304
68.5352630615 1011.84313094
68.7205734253 1011.7711098
68.7298049927 1011.91635064
68.7202224731 1012.06051594
68.7245559692 1011.92776881
68.6918563843 1011.90705434
68.6251144409 1011.76572438
68.646232605 1011.8323893
68.7167129517 1011.82084434
68.5845794678 1011.72326934
68.5584869385 1011.82638185
68.552772522 1011.86370448
68.6241073608 1011.8279267
68.7633743286 1011.94516219
68.6986618042 1011.8991683
68.7097167969 1011.96355642
68.5577697754 1012.01240683
68.6583709717 1011.81905757
68.6883010864 1011.85845214
68.6857910156 1012.09969265
68.6229553223 1012.14599421
68.7218170166 1011.92931564
68.5835266113 1011.98155819
68.7100296021 1011.90036442
68.7608413696 1011.90851238
68.5979537964 1011.85753976
68.8266372681 1012.0495075
68.5103530884 1011.80975421
68.6002807617 1011.7559127
68.5701980591 1011.83171634
68.5459671021 1011.78218733
68.4338302612 1011.9537781
68.7232818604 1011.92212345
68.6760787964 1011.80871472
68.5028686523 1011.94869398
68.7662963867 1011.84534666
68.7872848511 1012.11187221
68.5676803589 1011.85379266
68.7381591797 1011.76804466
68.6390457153 1011.98798709
68.6677703857 1011.7723991
68.2403030396 1012.11302018
68.632232666 1011.84988536
68.6221008301 1011.91509407
68.7381362915 1011.92008996
68.3550643921 1011.89919676
68.5857315063 1011.60290469
repacking frequency for this run is 1000
68.5697555542 24980.5797301
66.9508056641 24382.8417501
66.1637115479 1012.79672821
66.4295806885 1009.720797
66.6711883545 1008.95241907
66.7975769043 1009.04213063
66.505531311 1009.07806529
66.7165603638 1009.00278897
66.9833145142 1009.05641615
66.7995223999 1009.07969411
67.0106124878 1008.96829871
66.9487380981 1008.80965966
66.7616271973 1008.77154287
67.149559021 1008.84869815
66.7382888794 1008.81693006
66.8201293945 1008.78885588
66.6053237915 1008.92927439
66.9668807983 1008.88882514
67.1620178223 1008.8388895
67.2072677612 1008.90138414
67.2082366943 1008.97402723
66.8456192017 1008.96072961
66.8180847168 1008.87232489
66.841583252 1008.88204958
66.9079208374 1008.92586473
66.9678344727 1008.91357016
66.7516098022 1009.05959166
67.1788787842 1008.88760244
67.1865615845 1008.83435396
66.9458465576 1008.86784358
66.6751098633 1008.91257691
66.9327850342 1008.98466975
66.8896408081 1008.88571366
66.9785842896 1008.90397616
67.0207443237 1008.94201054
67.0873718262 1008.99360828
66.8733291626 1008.9710936
66.9741897583 1008.92345998
67.1092681885 1008.81708563
66.9683532715 1009.17246767
66.7941055298 1008.86397466
66.8760223389 1008.79905108
66.7964553833 1008.89337938
66.8298110962 1008.76552649
67.0940551758 1008.89392496
66.5400238037 1008.98200693
67.0916824341 1008.85211854
66.9541320801 1008.99775206
66.9963684082 1008.87911027
67.0558547974 1008.90782229
66.8013916016 1008.99995738
66.9371795654 1009.08786485
67.0147171021 1008.95768471
66.8372879028 1008.85786488
67.3430175781 1008.98554188
66.8922195435 1008.98770018
67.2854919434 1008.88251913
66.9096984863 1008.88414765
67.1103973389 1008.82586348
67.1240768433 1008.81744381
66.8783187866 1008.94813991
67.1702346802 1008.98262874
67.2391281128 1008.80235874
67.0426483154 1008.84614239
66.8753051758 1008.78373859
66.8990631104 1009.00190934
67.0524978638 1008.98331824
67.0162200928 1009.09288707
66.8869857788 1009.02889389
66.9231414795 1008.96565396
66.8748016357 1008.95039107
66.8187561035 1008.89728028
66.9727249146 1009.09825369
67.0030059814 1008.90475193
66.8537902832 1008.94130878
67.0694732666 1008.78243199
66.7920913696 1008.76759579
66.814994812 1008.92638484
67.0551528931 1008.84049266
66.9685134888 1008.77272839
66.8276290894 1008.96573713
66.8027420044 1008.83456375
66.9130325317 1009.00344239
67.0513000488 1008.91656945
66.8573226929 1008.90761891
66.8927993774 1008.96981522
66.907585144 1008.93104046
67.1244354248 1008.76692751
67.0827102661 1008.84286813
67.1012039185 1008.78015538
67.0739593506 1008.89445855
66.9050140381 1008.69215576
67.0847015381 1008.75839514
67.1888809204 1008.94891575
67.035736084 1008.86362063
66.7484054565 1009.07709722
67.1408615112 1009.09991256
66.8137969971 1008.97523765
67.043838501 1008.84240211
66.9558258057 1008.90360948
67.1975021362 1008.98878517
66.8607406616 1008.94727492
67.062828064 1009.14032522
67.0308761597 1009.03390432
66.9554367065 1008.98172934
66.8821029663 1009.01852969
66.9282073975 1008.89273131
66.7841491699 1008.92096268
67.1111907959 1008.92601606
66.9827880859 1008.96256975
67.250793457 1009.06070863
67.1312103271 1008.82328096
66.8310317993 1009.05077134
66.8295135498 1008.89467477
66.8437576294 1008.98353955
67.077583313 1009.16470884
66.7876052856 1008.86433789
66.8069763184 1008.97262084
67.2730331421 1008.97043662
66.8969192505 1008.99119661
66.6976776123 1008.90603666
67.0836639404 1008.95286471
66.9430541992 1008.87142962
66.8126373291 1009.04825034
66.9617462158 1008.88203421
66.7830810547 1008.7436364
66.6205596924 1008.92894719
66.6675567627 1008.9626835
66.7936630249 1008.88111859
66.8039474487 1008.90281792
66.6957550049 1008.86731766
66.7544403076 1008.79289757
66.4469223022 1009.16649096
66.6142959595 1008.96493113
66.9697875977 1008.98852745
66.7971496582 1008.91381884
66.8827514648 1008.90849719
66.940826416 1008.91133369
66.6763305664 1008.86190196
66.6929092407 1008.84610272
66.6834030151 1009.0557139
66.5040206909 1009.00772741
66.518409729 1009.17867236
66.7084884644 1009.00766449
66.6883773804 1008.98411286
66.7422943115 1008.89331553
66.869972229 1008.91948403
66.6696166992 1008.79402986
66.7788467407 1008.82488132
66.9556274414 1008.87960274
66.8497390747 1008.864653
66.7603759766 1008.94306614
66.8380432129 1008.90411693
66.8969802856 1009.00386632
66.7514572144 1008.86463384
67.1516647339 1008.97684697
66.9739379883 1008.84997276
66.8845291138 1008.91527459
66.7715835571 1008.98003211
66.8756866455 1008.82195199
66.7711639404 1008.93139795
66.9431991577 1008.82588528
66.7258834839 1008.85847293
66.6791381836 1008.90155461
66.7732162476 1008.88585982
66.7764129639 1008.8251401
66.7705154419 1008.94232105
66.7429962158 1008.93841253
66.9250869751 1009.00771996
66.5743637085 1009.06626247
67.0216827393 1008.67865009
repacking frequency for this run is 10000
68.2102661133 25240.1649205
66.1864624023 24415.324006
66.2682495117 24351.6999398
65.7662734985 24352.5332722
66.2991867065 24353.7902102
65.5143356323 24349.9613169
65.9563903809 24348.5025135
66.0657501221 24349.3170378
65.7020797729 24348.575967
65.6119003296 24348.5783893
65.3645248413 24349.1710592
65.5398788452 24350.8395828
66.0075378418 24349.0938167
65.4935073853 24347.9289657
65.1718902588 24348.6545402
65.9186477661 24347.6905694
65.8512420654 24347.5446681
67.1425628662 1015.69505343
66.9176483154 1013.09267363
67.1995925903 1011.27386296
68.1986618042 1010.81788378
68.1300125122 1010.95771165
67.8747711182 1010.9171037
67.6849136353 1011.09003451
68.006980896 1011.00516465
68.1446838379 1010.93586616
68.041229248 1010.90816734
67.7295455933 1010.91427656
67.9760284424 1010.97683864
67.9974899292 1010.63141719
67.9715957642 1010.03293207
68.1781692505 1009.99979909
68.0242538452 1009.96974918
68.04737854 1009.89204612
67.8871078491 1008.28277374
67.8876953125 1008.34096664
67.873916626 1008.19887467
67.8161239624 1008.14800319
68.1481018066 1008.45467028
67.9243850708 1008.24150593
68.0179367065 1008.34738204
67.8404006958 1008.52002677
67.9448852539 1008.20716089
68.0244903564 1008.22584908
68.0541610718 1008.42701773
67.9774780273 1008.23605517
68.2264328003 1008.26707942
67.9443511963 1008.11695457
68.1418762207 1008.28632269
67.9812927246 1008.28365589
68.0545425415 1008.20873582
67.9244689941 1008.03550422
67.8681488037 1008.09654264
68.0097198486 1008.0661036
67.8660507202 1008.40711068
68.2024688721 1008.22133692
67.9923400879 1008.22654165
67.8967208862 1008.16354852
68.0074920654 1008.26119724
67.9197311401 1008.24740053
67.7200698853 1008.26016297
67.8090438843 1008.32851364
68.0330734253 1008.31232529
68.0808792114 1008.30022306
68.0879364014 1008.26138242
68.0061264038 1008.23338709
67.9120483398 1008.18725692
67.9937210083 1008.3244598
68.1594848633 1008.36571307
67.9381713867 1008.21396684
67.9874420166 1008.08178392
68.1177139282 1008.17897372
67.8906936646 1008.22893259
67.7929611206 1008.50626763
68.0551300049 1008.34569073
67.8320770264 1008.36725112
68.0347976685 1008.28961912
67.9132843018 1008.27785325
68.0076217651 1008.25197758
68.0723419189 1008.46864312
67.872795105 1008.18077298
67.9156417847 1008.24331869
67.9095993042 1008.1120562
67.9737930298 1008.28921741
67.9851837158 1008.32187269
68.0872421265 1008.24012964
67.9023132324 1008.23889506
68.0203475952 1008.27620723
68.0199737549 1008.14817191
68.0431900024 1008.32552745
67.684715271 1008.17543041
68.0877075195 1008.26209677
67.9120407104 1008.09378855
67.8819885254 1008.33591073
68.1377868652 1008.25458899
67.9231338501 1008.22137161
67.7744522095 1008.47397686
68.002532959 1008.13752751
67.8986206055 1008.2981119
68.0068817139 1008.25052508
67.9237518311 1008.51244143
68.0247116089 1008.25484693
67.8757247925 1008.32918447
67.9217758179 1008.21421491
67.9160766602 1008.35528548
68.0760803223 1008.09698686
67.7479705811 1008.1673408
68.0218276978 1008.20114581
67.7987442017 1008.23159751
67.7370986938 1008.24938648
67.978012085 1008.31293664
67.8608093262 1008.32770173
67.9833755493 1008.20634486
67.9904632568 1008.42830884
67.7618560791 1008.23721723
67.8841323853 1008.2122565
67.9088287354 1008.37690622
67.9795608521 1008.23986014
67.9802932739 1008.18577405
68.0411376953 1008.26220615
67.9349899292 1008.2306117
68.0613327026 1008.20561626
67.7702102661 1008.279356
68.1802902222 1008.14860026
67.8224487305 1008.44296117
67.7759170532 1008.30876401
67.8515701294 1008.31095164
68.0529251099 1008.3261955
67.8991699219 1008.30954058
67.8525238037 1008.35229185
68.1348114014 1008.25865259
68.0960845947 1008.27978396
68.0226669312 1008.49312547
68.1128768921 1008.45266178
68.0044326782 1008.48538011
68.1245574951 1008.47321469
67.9135284424 1008.33279217
68.0228118896 1008.4206897
67.748550415 1008.2511659
68.0188217163 1008.2427851
68.1308135986 1008.26204765
67.9809265137 1008.2374594
67.9202880859 1008.33070388
67.7666931152 1008.45392363
68.1610107422 1008.26906503
67.8001937866 1008.04403853
67.8415145874 1008.14665749
68.1686096191 1008.19307367
68.0147476196 1008.4224843
67.9480438232 1008.37832398
67.9304428101 1008.08732001
67.831199646 1008.31354101
67.7537384033 1008.21445568
67.9164505005 1008.34451063
67.9245910645 1008.25227663
67.9393615723 1008.30364105
67.8722305298 1008.04439705
68.0265731812 1008.1229649
68.1605224609 1008.29792262
68.0470504761 1008.19384768
67.9403152466 1008.25596064
68.067024231 1008.30512879
68.1071472168 1008.24041161
68.0606460571 1008.2220059
67.9347686768 1008.25270572
67.9528961182 1008.27122241
68.2051391602 1008.15423678
67.7060699463 1008.09976855
67.9317855835 1008.28948559
68.0046386719 1008.25281685
67.9448928833 1007.96919152
