rmsd and score between current and native structure
rmsd		score
repacking frequency for this run is 10
99.2866821289 375.17694963
96.4585189819 364.799249066
96.2430801392 362.520526242
95.6528778076 360.602592249
95.6968078613 359.635004545
95.5804519653 358.562384195
95.5994491577 358.617455203
95.6879119873 359.527885666
95.7036972046 359.238601449
95.7085723877 359.234403417
95.7053527832 358.995208924
95.5629119873 359.717871674
95.4388809204 353.168010596
95.5865097046 353.106979002
95.5465164185 350.492164245
95.5352401733 348.748387089
95.5509109497 349.682578224
95.5831298828 350.009785972
95.5760574341 350.104226446
95.5756225586 350.607359408
95.5684967041 349.384271344
95.5446166992 350.765822233
95.45287323 350.262672406
95.5260620117 349.413431024
95.5258331299 348.851028104
95.47706604 349.614495306
95.5358810425 349.412995758
95.5835266113 349.468622245
95.5938568115 349.627977919
95.6086730957 350.644972104
95.5328903198 349.411777573
95.5632781982 349.806064868
95.4567337036 349.377090069
95.5068511963 350.056800928
95.5412597656 349.316110998
95.538230896 349.34910952
95.4990310669 349.398741852
95.5495681763 350.703678725
95.423866272 351.228451154
95.4965209961 349.671624923
95.5528106689 349.945947113
95.5495758057 350.368558279
95.5694274902 349.811801665
95.5858001709 350.966403576
95.5452880859 349.425660169
95.5077514648 349.22906219
95.4912948608 349.550647988
95.3022918701 350.118110635
95.2352600098 349.067408155
95.2956008911 350.883130359
95.2606964111 351.1039606
95.21824646 350.620034561
95.2245407104 349.732407735
95.2124176025 349.552247882
95.2270355225 349.096737783
95.2684936523 352.114716834
95.2043304443 349.808807939
95.1772842407 348.904221654
95.1892318726 349.835410696
95.1785049438 351.1371159
95.1342544556 350.159632916
95.1332626343 349.635065938
95.1223602295 349.715987591
95.1486434937 349.053212424
95.1357116699 348.905546326
95.1643447876 348.881465274
95.1728591919 348.707991471
95.1620178223 348.090448292
95.1262588501 348.473805058
95.1418914795 348.330105389
95.1263275146 347.144977206
95.1354751587 347.881888312
95.153678894 347.712817466
95.1499099731 347.713887328
95.1410140991 347.473230967
95.1745758057 347.21112539
95.1637573242 347.593044442
95.1500473022 347.660667503
95.1538009644 348.310211113
95.1464614868 348.796133142
95.1752548218 347.601411619
95.1475601196 348.543952516
95.1307449341 348.31640293
95.1217422485 348.106964782
95.1410140991 347.351686417
95.1181411743 347.868683922
95.100730896 346.918497179
95.1384124756 347.333384525
95.130607605 346.9577088
95.1341247559 346.696350024
95.118812561 347.198227426
95.1314544678 347.758339385
95.1161804199 349.78752877
95.1162414551 348.197559067
95.1225204468 347.69347068
95.1204986572 347.402200052
95.1213302612 348.721734242
95.106803894 348.595273882
95.121925354 348.812246485
95.1329498291 347.717580064
95.1335144043 347.253789522
95.1383514404 348.862918575
95.131729126 348.894894227
95.0980987549 347.541680585
95.0833282471 347.048176721
95.1224212646 350.238029168
95.1380462646 349.421766598
95.0981750488 347.648074382
95.0952377319 347.902095559
95.078163147 348.968418367
95.0219345093 349.199946265
95.1281509399 348.222470564
95.1055908203 347.4126296
95.1039199829 348.063621016
95.1414794922 347.3251463
95.1414413452 347.58440922
95.1418533325 347.078107781
95.114692688 347.618184856
95.1181945801 347.858712346
95.1154556274 348.625842031
95.1159591675 348.63659295
95.1119003296 346.960489356
95.1276321411 347.007241802
95.1016159058 346.045686243
95.1200408936 346.756988658
95.0978851318 346.150048875
95.1161499023 347.423135718
95.0933151245 347.377893544
95.0781097412 346.761173674
95.0930862427 346.280155361
95.1066894531 346.346837377
95.1124649048 346.131224524
95.1032028198 345.830528197
95.0872344971 346.253698464
95.1120834351 346.250144146
95.1289978027 345.99047459
95.1108779907 345.954974335
95.1160125732 345.117824812
95.1442108154 345.729435076
95.1131973267 345.362224703
95.1166610718 345.526182766
95.1268539429 347.249436496
95.1192550659 347.590029744
95.1349411011 346.116189413
95.1231994629 346.510525774
95.1451339722 345.684581702
95.1310348511 345.567561216
95.0902175903 345.304926315
95.0668029785 348.28607473
95.1036529541 345.29075883
95.0940551758 346.397637056
95.0970230103 345.422852225
95.0876846313 345.838084345
95.0503768921 346.829993074
95.0862503052 345.798755938
95.0971221924 344.150732144
95.0913467407 345.037467343
95.0634689331 344.343692247
95.0831451416 343.97654692
95.1050491333 345.003798181
95.1103439331 345.771600614
95.0919799805 345.040092708
95.1050567627 344.272394622
95.0959320068 345.530812548
95.0716629028 344.550611133
95.1025238037 344.502656651
95.0833892822 344.463276498
95.0695724487 345.593170785
95.0862884521 344.264432431
rmsd best score this run is 343.567767566
rmsd it has a RMSD of 95.078819274995.0788192749 343.567767566
repacking frequency for this run is 100
99.2651443481 375.041808699
95.8436431885 364.590777435
95.4235076904 359.454554529
95.4221725464 360.002406214
95.4600448608 359.752456049
95.3453826904 359.198051107
95.4395446777 359.596849633
95.528137207 359.905185377
95.3638153076 360.300542561
95.4039993286 359.435832096
95.4556427002 360.182122911
95.0634384155 360.881992541
95.1666107178 360.404171102
94.8534698486 356.585809759
94.8352584839 349.414138315
94.8102264404 347.990758585
94.7779464722 348.240750673
94.8213119507 348.018715981
94.7379684448 346.97316989
94.7268600464 346.491301692
94.7712631226 346.308694343
94.7808914185 346.473705416
94.7899475098 346.614117293
94.8095550537 345.868400513
94.7502212524 345.311189194
94.7609405518 344.758921466
94.6982421875 346.191512521
94.7090148926 343.402351284
94.6831283569 342.230255842
94.7265853882 341.704269675
94.7130050659 342.081659121
94.7155456543 341.768349569
94.7005844116 341.467195861
94.7397842407 340.960557545
94.6281280518 340.885128693
94.6372146606 341.320991041
94.6006546021 341.989258317
94.6366348267 339.441669032
94.6327514648 339.255723032
94.6451873779 338.698271751
94.6035842896 338.690385996
94.5946426392 339.22642457
94.6418075562 338.686105639
94.6371765137 338.923409683
94.6475143433 338.896198229
94.6449966431 339.204475444
94.6325378418 337.753408203
94.6328659058 339.11072473
94.6440048218 339.810296021
94.6887969971 338.77246713
94.6866912842 338.366448512
94.6192932129 338.785752185
94.6449813843 338.529204934
94.6330718994 338.634891163
94.6352157593 340.32656619
94.6612625122 340.164779961
94.6216430664 339.575793648
94.6317596436 338.932787652
94.6481781006 340.708142311
94.7036819458 340.227503642
94.682220459 340.447505401
94.6351699829 339.233554498
94.6331863403 339.912416809
94.6398010254 340.003271597
94.6246948242 339.125381411
94.6856765747 339.445436036
94.7148513794 339.516758141
94.6900787354 340.805540782
94.6437072754 338.904048011
94.6349182129 338.824523801
94.6056518555 339.182888362
94.6010360718 339.395992015
94.6298370361 340.477075401
94.6503829956 339.799494846
94.6128234863 339.582901084
94.6422805786 339.066102674
94.6851577759 338.804283377
94.6708602905 339.133759904
94.6504364014 339.799213083
94.6642074585 338.664058488
94.6855010986 339.976065233
94.6333389282 339.454984408
94.6364898682 338.612123249
94.6406860352 338.488135151
94.6551589966 338.443535753
94.6668319702 338.772898085
94.662940979 339.899890833
94.660697937 339.282303289
94.6407699585 339.169774059
94.6547012329 339.733026159
94.65234375 338.985793273
94.6615753174 339.978339149
94.640953064 339.210402708
94.662979126 340.035093818
94.6255187988 340.755345831
94.6479721069 340.442030503
94.633140564 340.238296987
94.6669158936 340.409246597
94.6661224365 342.374808226
94.6995620728 340.195535062
94.7103271484 339.945404991
94.6720657349 339.952925159
94.7343215942 340.526652353
94.6947937012 340.954611506
94.6981201172 340.841079969
94.6639785767 340.593259265
94.648147583 339.576328877
94.6852722168 340.491607504
94.6170883179 339.636322428
94.6507797241 339.371580114
94.709197998 341.068079488
94.7294082642 341.915542086
94.7969665527 341.325050396
94.8733215332 339.454557782
94.8729324341 339.96329704
94.8486175537 339.574682566
94.8555831909 339.578614644
94.8364486694 339.856777049
94.8376617432 339.230892981
94.7395706177 340.443311076
94.7959060669 338.631576048
94.8184509277 338.741201458
94.8280181885 339.931025967
94.8075866699 339.666849838
94.8472366333 339.646429355
94.8496856689 340.331373173
94.8866882324 340.977586145
94.8657913208 339.904643741
94.8396530151 339.925718993
94.8471679688 342.377016336
94.8396377563 341.128139506
94.9056015015 340.887050083
94.9138183594 340.674641161
94.8936004639 339.881794513
94.880645752 342.345919946
94.9173355103 340.980754095
94.9031677246 340.562305297
94.9004669189 342.89479681
94.9011230469 341.687401203
94.9072418213 341.075804222
94.9076156616 341.376242044
94.9086532593 339.853562447
94.875579834 343.736049864
94.8620529175 340.941796986
94.9523086548 340.41946283
94.9152450562 339.950684203
94.8975982666 340.309246202
94.9027481079 339.799257881
94.9217300415 340.100008738
94.8858261108 340.380123355
94.8901748657 341.044732453
94.8773345947 341.208007624
94.8551712036 340.560307431
94.857963562 340.51528416
94.8671264648 340.274510181
94.8555679321 339.74996501
94.8848190308 339.367311511
94.8530807495 340.015251861
94.8780136108 341.955259408
94.8839645386 342.282706524
94.886932373 341.660618177
94.8858184814 341.009691501
94.8589172363 340.81979773
94.847869873 341.037416476
94.8403091431 341.19143834
94.814125061 341.763686509
94.8471298218 340.329712113
94.862197876 340.363881069
94.8451919556 340.33413939
rmsd best score this run is 337.509498288
rmsd it has a RMSD of 94.63364410494.633644104 337.509498288
repacking frequency for this run is 1000
98.5387802124 372.940000023
96.1170806885 362.89343045
96.0917358398 360.941346609
96.0574569702 360.305289422
96.0941925049 360.512994863
96.1234970093 360.663791164
96.1986694336 361.983382794
96.2176132202 360.649371717
96.1420211792 359.870540713
96.1466445923 360.691590811
96.1962890625 359.604774188
96.2405090332 359.063879312
96.1627197266 361.54782921
96.1717376709 359.223709393
96.1613845825 360.821923344
96.1249389648 360.424896074
96.1351623535 362.331646262
96.0775756836 359.92470631
96.0563049316 357.476235571
96.0405883789 357.491855437
96.0754928589 358.008058158
96.0252456665 357.608684957
96.0356216431 357.221939815
96.0432434082 358.041089687
95.9823913574 359.801506566
95.9738998413 358.756857111
96.0378494263 359.12422105
95.9566955566 359.15032181
95.991645813 359.513913584
95.9545135498 359.687677692
95.9863586426 358.525505189
95.9859848022 358.484502573
95.9925384521 358.172399859
95.9810409546 358.649136004
95.936920166 359.706915661
95.8864440918 359.266763252
95.8218994141 358.229357107
95.8383865356 357.858665573
95.8102264404 356.424885287
95.7913208008 356.506919136
95.770614624 356.367716566
95.7683105469 356.412286805
95.795425415 356.303367937
95.7768554688 356.821455164
95.7184295654 356.370942122
95.7184906006 357.524044047
95.7318344116 356.853701229
95.7047119141 356.254648248
95.6597137451 356.495924056
95.7079696655 355.775966025
95.6983566284 357.362967976
95.7348632812 356.77097245
95.7577285767 356.720890045
95.7684631348 356.869369821
95.688117981 357.785345267
95.7013931274 357.998674398
95.7055892944 356.49669852
95.6929550171 356.578321011
95.7137680054 356.794108437
95.7706069946 356.378310484
95.7190704346 355.867895671
95.7306900024 356.410601201
95.7308044434 355.954787665
95.683631897 356.213857242
95.6587219238 352.992719624
95.5968017578 354.44339685
95.5675964355 352.91789605
95.6185302734 353.0218519
95.6150436401 353.144746278
95.5313034058 351.580177781
95.5369338989 351.981104598
95.560760498 351.302568519
95.5814056396 351.685293654
95.5406188965 351.682718179
95.5690994263 352.7618627
95.5532684326 351.906433579
95.5441665649 352.021166278
95.5542526245 351.56172574
95.528213501 351.904910945
95.5074768066 351.601264045
95.4979095459 351.181545559
95.5292053223 352.244654612
95.5309143066 352.000634831
95.5242767334 350.251073038
95.5441131592 351.040668792
95.5539550781 351.245644476
95.5364990234 352.464709952
95.5360488892 351.403894402
95.5383071899 350.447506798
95.5543441772 351.171419641
95.5589828491 350.956185967
95.566444397 352.357936484
95.5444564819 351.040116541
95.584602356 351.620246882
95.5500564575 351.593924173
95.5294494629 350.343509688
95.5329971313 351.551338799
95.5180435181 350.929353375
95.5436859131 351.327102555
95.5589447021 351.264394978
95.5462417603 350.686251627
95.5466842651 351.20179756
95.5376663208 350.289474138
95.5530166626 350.358348638
95.593711853 350.926688742
95.6088409424 351.12373216
95.6011581421 350.594458325
95.6240005493 352.391215065
95.6143875122 350.722632164
95.5437774658 350.818942948
95.5586242676 349.338570518
95.5109786987 352.191518676
95.5223770142 350.562293344
95.5993041992 351.73626701
95.4787826538 351.474673693
95.5411300659 350.405541205
95.516746521 351.733494288
95.470954895 352.008161719
95.5472564697 354.573254068
95.4843139648 351.252652993
95.5956954956 350.792537447
95.6431350708 349.921200667
95.5812759399 349.373221178
95.6269226074 349.325668427
95.5752716064 349.384010926
95.6523666382 349.494728465
95.6452026367 349.069372389
95.6496429443 350.062091419
95.5960540771 349.037069905
95.6459274292 349.626653564
95.6934432983 350.294079287
95.6360626221 349.28939932
95.6503829956 350.052157398
95.6743774414 347.939838186
95.6442337036 347.93870994
95.6698226929 347.740877007
95.6719360352 350.22175078
95.6330871582 348.331789015
95.6307525635 350.202665092
95.6794509888 348.543961641
95.6298675537 349.137553533
95.6134567261 348.871098667
95.610534668 350.02847096
95.6402359009 349.252414157
95.6288375854 347.936830151
95.6459274292 348.198016233
95.6096420288 347.324707042
95.5947875977 349.331326752
95.6353607178 349.495913122
95.6257019043 347.478726435
95.6390075684 348.853255425
95.5705718994 349.144382787
95.5822677612 347.999250874
95.5972290039 348.349338709
95.5684967041 348.361367432
95.5955886841 347.336684519
95.5654983521 348.282955604
95.5746231079 348.44782004
95.5857772827 348.440852547
95.5687637329 348.749662938
95.5861434937 350.806380172
95.6274108887 349.778136399
95.6237030029 349.168318012
95.5726470947 348.392547943
95.5812988281 348.909935533
95.5604858398 349.836602791
95.5968475342 347.947284409
95.57762146 350.355509014
95.5576095581 349.076241557
rmsd best score this run is 347.111741974
rmsd it has a RMSD of 95.641525268695.6415252686 347.111741974
repacking frequency for this run is 10000
98.9724578857 374.166029414
96.9580078125 364.40009224
97.0299987793 362.766194075
97.0018081665 364.099406748
97.1344070435 363.17439223
97.0658111572 364.028844341
97.1019821167 365.525321412
96.8306274414 363.248384185
96.7029190063 365.130098308
96.6465606689 362.924153763
96.4393692017 361.778354082
96.4287338257 361.059999157
96.5963821411 362.823525113
96.4714431763 362.086145979
96.4428329468 361.709225993
96.2491226196 360.28811976
96.3004989624 360.268969129
96.2464675903 360.080862011
96.2513580322 359.318900966
96.2755661011 359.222087968
96.2708129883 359.205212687
96.264213562 358.286083997
96.2389526367 358.52703084
96.2374801636 358.61859022
96.2124710083 357.393562799
96.2115402222 357.182222652
96.1430206299 357.046741346
96.1285934448 357.074805182
96.1494293213 358.081592222
96.1639785767 357.853635831
96.1945419312 358.490303257
96.1518173218 358.840618328
96.0510482788 357.832394755
96.0263671875 359.817442365
95.8738021851 356.372145675
95.809715271 356.538458465
95.8606491089 356.75633118
95.9103240967 355.479733048
95.9472579956 354.947848325
95.9459838867 356.381416262
96.0490646362 355.933512579
95.9324264526 354.868103054
95.9479827881 353.486524512
95.9521331787 354.325781931
95.9605102539 353.721441347
96.0087280273 352.934686815
96.0164489746 355.814091724
96.060256958 356.344661136
96.1027145386 355.911173713
96.0832672119 355.550077662
96.0494689941 355.138928342
96.0377883911 355.708547229
95.9834289551 355.33182583
95.9631576538 354.602638236
96.0268707275 354.441992769
96.0316009521 353.881912695
96.0034103394 353.763090603
96.0225296021 353.771819674
96.0272979736 353.687660743
96.0357208252 354.64683866
96.0562591553 354.410021529
96.0522232056 354.106210104
96.016204834 353.776959009
95.9911270142 355.894563194
95.9530258179 354.306522485
96.0175018311 353.468868807
96.0004882812 354.02283965
96.0016326904 354.051879866
96.0128936768 354.087387395
96.0429382324 354.495132195
96.0453872681 353.511743489
96.0810470581 354.176305383
96.0651779175 353.578840697
96.0320053101 353.304562107
96.0607299805 354.014407618
95.9984588623 353.66861296
96.0050582886 353.998564232
95.9831771851 353.624975618
95.9883270264 353.149124107
95.9912185669 353.505751568
95.9559631348 354.485126281
95.9510803223 355.913587076
95.9760284424 354.323913059
95.9866943359 354.582023238
96.0145568848 355.182615519
96.003868103 354.359388378
96.0182723999 353.833040558
96.0068283081 353.820514193
96.0624160767 354.687673617
96.0703887939 354.524838025
96.045425415 353.457504035
96.0674819946 352.875663314
96.0470123291 353.299572214
96.0615768433 353.332273542
96.0940093994 354.86181022
96.1070098877 353.451843647
96.1159133911 353.276407364
96.0968933105 353.389760829
96.0489807129 353.307465234
96.0415725708 354.679078347
96.0438690186 353.01491929
96.0393447876 353.368707798
96.0645065308 352.911688059
96.0869827271 353.344666403
96.0456390381 353.108451382
96.0496520996 352.833918401
96.0349807739 352.911237108
96.0528717041 353.378667605
96.1401519775 357.162950719
96.0908508301 355.506259256
96.0378952026 355.505914948
96.0488510132 354.480397821
96.0725860596 353.004144931
96.0133743286 352.88881471
95.9995193481 353.182449767
96.0024337769 353.120904154
96.0003433228 352.74665478
96.0277252197 352.577399766
96.0282592773 354.304458637
96.0980682373 352.583234669
96.1173553467 354.426968063
96.1349716187 355.130933352
96.1121444702 353.438565241
96.0874099731 352.891074021
96.1230163574 353.708733558
96.1126556396 352.920466119
96.1086959839 353.48121967
96.1279449463 354.070788604
96.1162872314 353.963725514
96.1519241333 354.069666462
96.1095275879 353.9563029
96.0630950928 354.089743571
96.1096572876 353.466425293
96.0884017944 352.909895795
96.0553207397 353.04938169
96.0719909668 353.898080759
96.0690765381 352.524873702
96.1013565063 352.720899979
96.0876235962 353.117393748
96.1040496826 352.597726983
96.1263427734 353.31390775
96.0820388794 352.202867041
96.1133346558 352.880138148
96.1786499023 355.04115663
96.1488113403 353.651197853
96.1179428101 353.028930502
96.1138534546 354.134183709
96.1594619751 352.987715918
96.1207275391 352.832534918
96.0946655273 353.623871177
96.0790176392 353.668117155
96.1294250488 353.228604609
96.1061859131 354.312847424
96.1315307617 353.308517145
96.0825195312 353.83009185
96.1058349609 354.498037476
96.0342330933 354.432556279
95.9976119995 355.554907395
95.9981613159 355.108857097
95.9899597168 354.885758476
95.963218689 354.691768252
95.9563446045 353.728998608
95.9717178345 353.78992425
95.9202651978 353.291942886
95.9302825928 352.933645662
95.9313354492 353.695253159
95.9434509277 354.876647839
95.9492340088 354.783721425
95.8801879883 352.130475152
rmsd best score this run is 351.464686537
rmsd it has a RMSD of 95.933616638295.9336166382 351.464686537
