rmsd and score between current and native structure
rmsd		score
repacking frequency for this run is 10
72.2425842285 689.91196951
68.3635482788 555.901180072
69.7356109619 430.217062367
64.4638290405 379.557113333
57.5077590942 278.6965884
53.7239151001 136.579115623
44.3614730835 -3.64896363228
39.2465515137 -28.0238252143
40.6481552124 -30.1861457039
39.2606048584 -30.6682876662
39.1112174988 -30.7599897095
37.6171073914 -30.841593433
38.8049316406 -29.8430681705
40.681476593 -30.6004460772
45.5235710144 -31.1968274627
43.6716461182 -31.5249163537
44.9305496216 -31.9694105109
46.7796592712 -31.7931881382
43.6205024719 -33.1745778192
36.9018592834 -33.7932508648
35.2917289734 -33.48712319
36.7568244934 -33.5230705357
38.3464889526 -33.3620059511
44.2480278015 -33.3731206761
40.6097106934 -33.057509171
37.8077735901 -33.6334133184
43.5903396606 -33.3127313205
51.1146774292 -33.4936195348
44.8629226685 -33.5607210067
44.6419944763 -33.608653082
46.3060951233 -33.4129762857
43.8104286194 -33.6219714676
46.022644043 -33.4693293173
39.1670913696 -34.2335628365
36.9795837402 -34.4132855349
36.7289085388 -34.5663064125
41.1533355713 -34.2961465806
37.3221435547 -34.6055740476
39.4038887024 -34.7908111897
42.0477790833 -35.1656559949
44.5548782349 -35.0043484979
44.0986213684 -34.7623116486
42.7020530701 -34.6497428964
51.2334213257 -34.7903909685
50.4237518311 -35.005839395
50.636554718 -34.5333333846
45.2850151062 -34.7775500886
40.7284812927 -35.0750859896
45.7291641235 -34.529982149
47.1384468079 -34.423816637
47.5577201843 -34.7666391077
45.430393219 -34.8404826821
42.9671592712 -35.2220999108
42.922039032 -35.1524365889
40.936794281 -35.9152914431
42.8680000305 -36.3112546868
38.0353622437 -36.9856210451
40.9088821411 -37.3912579114
37.7861366272 -36.9541562964
34.4630470276 -36.8145942532
38.5950889587 -36.957544313
34.4029998779 -37.2726887047
34.8770942688 -37.6245367743
34.2698287964 -37.589616281
32.241268158 -37.2650079991
36.7521629333 -37.7234335009
37.7895851135 -37.5048073001
37.6952514648 -37.1310718932
36.9598999023 -37.6354582249
36.9657249451 -36.9169318761
36.6299095154 -36.7247969839
35.3633003235 -37.0365276347
38.566493988 -36.8445901816
42.7848320007 -37.1902458438
44.8095397949 -37.1388110507
46.2060699463 -37.271096377
44.4389839172 -37.3909180061
40.7624282837 -37.2953772985
40.6209564209 -37.2557901135
42.9460830688 -37.6160873794
46.2230186462 -36.8564083138
37.4936676025 -37.5138482133
43.6870613098 -37.63153333
38.447883606 -37.5500252417
39.4101219177 -37.7605585217
43.9763908386 -37.3763946446
43.2592468262 -36.9781015557
45.5234375 -37.7218595927
49.6923828125 -37.9933906364
39.5768089294 -38.2524484317
42.9201316833 -38.0108303446
47.8578567505 -38.3281698934
47.3064804077 -38.1358303782
48.1771202087 -37.4824548007
49.8458137512 -38.0119619344
46.6567459106 -37.7832293116
49.3890686035 -38.5790576943
47.4602432251 -38.299727947
48.8948020935 -38.9034997782
47.5625114441 -38.2376923766
45.0180473328 -38.6163482634
44.6506576538 -38.7003002325
43.7456893921 -38.7017001666
47.0504875183 -39.1189466749
47.1106033325 -39.4494519672
46.3522186279 -39.6297629747
48.6661682129 -39.7608712997
50.4030036926 -39.6305251807
50.1546401978 -39.3782029537
50.4660377502 -39.5796170809
50.7050018311 -40.2006738951
51.1966781616 -39.9033166564
49.4663162231 -39.5398052748
48.9489021301 -40.1362803437
45.3170547485 -39.7953944543
47.5443191528 -39.786117372
51.5153579712 -39.5726481387
49.2561187744 -39.8393571334
49.1146736145 -39.8401073857
47.9927558899 -39.5496675584
50.1013298035 -39.7501393818
49.8746376038 -40.1718270127
49.1933746338 -40.3444200186
46.9260864258 -39.9873719677
44.9826660156 -40.166597351
48.6083641052 -39.8955401892
45.6124954224 -39.7554155732
47.2054023743 -40.3382248415
46.6700592041 -39.8658950541
45.4815254211 -40.0053637416
46.2806510925 -39.9578071846
50.6730804443 -39.9439446304
52.1522140503 -39.9116679315
51.0880622864 -40.2133454354
47.4418640137 -40.5337724345
49.0862464905 -40.1690363329
51.2124023438 -39.9968439232
51.7547073364 -40.3921362982
52.5821495056 -40.7879585357
50.298034668 -40.6488880823
50.929019928 -40.2969748497
51.251083374 -40.3386474056
46.7336883545 -40.3822114416
49.1588592529 -40.3289690206
44.8767967224 -40.3342678546
45.9597854614 -40.4712724362
46.1945304871 -40.4454087098
45.7200164795 -40.5215539016
45.9998817444 -40.4971129377
47.0080070496 -40.6424028607
42.8655586243 -40.0545699041
44.1819343567 -40.2515276218
39.4107475281 -40.3746418602
40.7667961121 -40.0536072767
37.682723999 -40.4417934983
41.31199646 -40.4636333858
39.478012085 -40.8253799986
42.9028167725 -40.6355498099
43.6419830322 -40.3844513847
41.8296546936 -40.1563966559
44.4112892151 -40.4826459367
43.1909370422 -40.024253488
44.7487983704 -39.9957846127
44.5504379272 -40.2905407488
46.2416191101 -40.6210676847
46.9010124207 -40.5924429115
48.8134803772 -40.6651499132
48.3992652893 -40.139134315
46.5133285522 -40.264363291
39.850189209 -41.0360063756
repacking frequency for this run is 100
44.69373703 -40.4884379504
43.1959571838 -40.1691058306
44.0372085571 -39.9668619491
42.9721641541 -39.8395861928
40.3538513184 -40.3446982602
46.088054657 -40.4376714247
42.008354187 -40.0838390868
40.5663528442 -40.0206028634
44.8137969971 -39.9286487528
45.9255981445 -40.2360774806
39.6508712769 -40.2078486362
40.5523376465 -40.7575517309
42.1530303955 -40.7204477438
41.9297370911 -40.0283018569
39.1416664124 -40.1683604331
38.5612297058 -39.9507465551
40.3727760315 -40.2962796291
42.3225822449 -39.4934374765
40.961605072 -39.8645024307
41.2141494751 -40.1573370041
40.5182533264 -40.4327093298
44.1168022156 -40.4580907243
40.849357605 -40.2347144548
48.1172981262 -40.6303520716
48.8502540588 -40.7098736359
47.9871749878 -40.3632036284
45.9145774841 -40.3788832036
44.0757102966 -40.2493774994
47.1577911377 -39.8309167625
49.8354492188 -40.2177911495
48.402885437 -40.3140123347
51.6488380432 -40.5377221162
52.4527778625 -40.7203633404
50.5583343506 -40.3674803936
49.819480896 -40.300599718
47.8140830994 -40.1766901935
49.1178016663 -40.4355207658
50.0055198669 -40.3531684197
45.6410560608 -40.4963600895
47.8472976685 -40.0380406681
49.5264625549 -40.4283771577
49.6566429138 -40.7158962786
49.61195755 -40.7472639355
52.1500282288 -40.4977553437
50.6202125549 -40.3735837441
50.0891990662 -40.4590101692
48.3866004944 -40.6056232524
50.1939430237 -40.5007456029
48.0492172241 -40.2351895341
49.2814979553 -40.3321517953
47.9434204102 -40.3906572602
48.6056365967 -40.4194649531
48.8286361694 -40.5719217697
50.2281188965 -39.8400787664
49.6835632324 -40.3378043892
49.4110870361 -40.3035929751
51.771194458 -40.3096713379
53.4162101746 -40.3474388225
53.6288528442 -40.2886011657
52.6681365967 -39.9323422959
52.7044143677 -40.4470915985
54.2396583557 -39.6741663439
52.6293907166 -40.4355868366
52.2530632019 -40.4104522865
50.3066329956 -39.5858906844
46.7562332153 -40.143755366
47.8838844299 -40.2820654464
48.0812339783 -40.2844933553
44.9108505249 -40.3196356825
50.9671554565 -40.439264513
50.7780342102 -40.6588065661
50.0462341309 -40.9405049518
49.4587554932 -40.6885098993
47.6481971741 -40.5566893223
50.3670845032 -40.5700054532
50.4422035217 -40.0134945658
53.2540016174 -40.4014492047
52.1554718018 -40.6584424585
51.2427444458 -40.6269754465
52.6171417236 -40.5343845652
53.2594146729 -40.823786352
54.6935806274 -40.1024799171
53.414478302 -40.0313160007
53.4201126099 -39.8510681837
53.3115768433 -39.5831702439
51.6259918213 -40.0547708683
52.1794815063 -40.1121181274
52.0112190247 -40.1965969777
50.6824455261 -40.4491675046
52.0651473999 -40.0828253438
52.1283111572 -40.1300322453
51.7651939392 -39.8219773082
51.6293945312 -39.8635476146
46.4481506348 -40.6109505514
46.6691474915 -40.5234201633
47.0883560181 -40.1164255904
49.2271003723 -40.1210371255
49.7331504822 -40.6464780424
48.9998855591 -40.3378124618
48.5250282288 -40.5487167528
50.0078010559 -40.3773064898
46.7843933105 -40.7372743911
47.5760612488 -40.3204898528
51.3581733704 -40.4000784813
51.9064674377 -40.2997300207
52.4067687988 -40.026472733
52.3144798279 -40.4215325374
53.4177474976 -40.2135110489
53.2973060608 -40.5547841096
52.9945716858 -40.2640911205
51.1588058472 -40.1815879082
50.8890113831 -40.1479668155
51.3653373718 -40.2087190301
51.9260902405 -40.3613539949
52.4664497375 -40.0450473058
53.4025230408 -40.3761166685
51.8203163147 -40.4788899445
53.6693115234 -40.3802708397
53.8995285034 -40.2683880393
53.5212898254 -40.2954546574
54.6162719727 -40.3267718888
53.1942214966 -40.3040882578
53.3073501587 -41.9025536328
52.3156089783 -41.7787123184
52.306137085 -42.0124676427
52.4178009033 -41.4298697339
49.839553833 -41.5241617653
46.4078712463 -41.2694210043
43.4541969299 -41.0029212849
40.6169166565 -41.2636864891
35.9602813721 -41.6462250819
32.9851837158 -42.11753239
33.8369598389 -42.46856612
35.2554550171 -42.7297504215
31.7214508057 -42.4599662042
35.2086982727 -42.1977483904
34.114276886 -42.6410067886
36.8378334045 -42.67075743
39.7428436279 -42.7000128661
35.1031761169 -42.5329751253
34.897808075 -42.5162918708
39.0713424683 -42.4586851601
36.8631019592 -42.1933917454
42.717464447 -43.2656307176
41.2194786072 -42.9184974355
43.7275352478 -43.0216048736
44.1345787048 -43.2874276452
44.4261322021 -43.4330108975
43.3231468201 -43.3780352246
44.5958900452 -43.2772405304
44.002407074 -43.3598107688
46.2070083618 -43.5032581748
45.8055877686 -43.8926369534
45.8218269348 -43.0566485234
46.1340255737 -43.2522697686
40.771572113 -43.3642145682
43.1220169067 -43.196004098
44.8250617981 -43.0459641152
43.4314956665 -42.7559158573
45.6370353699 -42.9479649908
44.8773422241 -43.1882191815
44.1792640686 -43.3853371469
44.4414520264 -43.3729089178
44.7398452759 -43.5910473315
43.2078437805 -43.5887063558
38.0775375366 -43.3319150705
38.4888000488 -43.7437622811
40.6494293213 -43.8166833539
40.8803291321 -44.2314631573
42.1239356995 -43.9009895002
40.1232643127 -44.2966225413
repacking frequency for this run is 1000
44.5498924255 -43.745309948
41.7080955505 -43.5629294841
44.7449607849 -43.8210162522
45.604347229 -43.4022589621
44.8052940369 -43.7063297877
43.463142395 -44.7871992481
42.9283638 -45.1180008153
44.1981315613 -44.8832357006
43.4634284973 -45.0222640772
39.7656784058 -44.8988559708
39.6757621765 -45.3677275455
40.3658714294 -44.7693352421
40.7238693237 -44.7277221075
38.8622398376 -44.9907881011
41.9962310791 -45.1658975318
42.5243797302 -44.8938014819
43.802192688 -44.4028050564
40.9054336548 -44.4883428662
38.5358963013 -44.908934671
39.3848838806 -45.3652930033
40.6514930725 -45.0644693877
40.8816833496 -45.1045482208
41.9339065552 -44.9461511801
43.5157737732 -45.2449733078
42.2385215759 -45.492521305
41.2135772705 -44.9428455003
41.7395591736 -44.5609012131
41.1651763916 -44.8228325371
41.5871734619 -44.349241104
39.6896820068 -44.8873449615
39.854385376 -44.6888804135
37.6536026001 -44.7262752741
39.3910827637 -44.9813320606
41.6680679321 -44.680426371
40.4584732056 -44.8802325174
38.5629234314 -44.5431725694
38.2217559814 -44.7263449577
35.8829307556 -44.691357039
36.4665641785 -44.7996413246
33.1919822693 -44.9510633616
28.6827507019 -45.210111845
35.284828186 -45.09879062
36.957698822 -44.9146833101
35.9542388916 -45.0483310128
39.0631332397 -44.9679477767
39.1727714539 -45.1717570147
41.9242553711 -45.9020909439
39.8396720886 -45.7475262493
38.9113121033 -45.4153025091
42.4716377258 -45.3215316663
40.1820755005 -44.2719866251
42.1846199036 -45.1724090074
42.5530471802 -45.3952542883
39.4672813416 -44.6015647032
39.734336853 -45.1407583932
38.4677658081 -44.9703598849
38.3778343201 -45.2492481125
38.8896179199 -45.5008878855
38.6925964355 -45.2157870892
40.310874939 -45.8910448153
40.0382843018 -45.6491454181
39.7536010742 -45.5145212129
39.7350006104 -45.4317214275
41.0771751404 -45.1327285181
39.9430198669 -45.3833870833
41.2711486816 -45.8037441148
42.5921821594 -44.7213118989
42.2771148682 -44.6258812582
42.2197036743 -45.0206220526
41.6732788086 -44.8680292872
41.7109718323 -44.8123747182
42.1081581116 -45.6005856636
42.8418045044 -45.2369677508
42.1975021362 -45.3284135629
42.9130058289 -45.9414719982
42.2254562378 -46.1882707247
42.2520332336 -45.5692212304
42.159324646 -45.1143395669
42.3489532471 -45.9928118387
41.7097930908 -46.0910147553
41.4213180542 -46.1049645681
40.8505859375 -46.1190446039
43.0288047791 -46.1455381748
42.3248023987 -45.4291959697
43.2228317261 -45.4660871868
43.7936630249 -45.8569838532
43.5468444824 -45.293508613
42.5120544434 -45.6104174868
44.1811332703 -46.32520004
43.2133903503 -46.1109298732
43.9087371826 -45.8934472315
41.2639770508 -46.2707743472
41.7169876099 -46.0732982517
40.9445304871 -46.3225722784
38.6679801941 -44.7954539088
34.8673057556 -46.4788457077
33.748550415 -46.4196140891
34.3308868408 -46.7768766679
34.3482284546 -46.5196149255
30.2839107513 -47.0682324683
31.6613044739 -47.1098111902
30.2297954559 -46.4059579471
29.5911464691 -46.1658169635
32.9511184692 -46.3264270952
34.0405578613 -45.887935504
34.6728439331 -46.6344676826
36.8238563538 -46.6807544268
32.1969146729 -46.4103285256
34.4268951416 -45.9078151574
32.3842353821 -46.8659116348
31.9054718018 -46.4931969973
29.7312145233 -45.9424525566
29.6005764008 -46.6231143467
30.3371524811 -46.3702375406
30.6635398865 -46.8008524762
30.8207550049 -46.9249689478
32.4150466919 -46.9884568663
29.2725124359 -46.3829202502
30.904800415 -46.4116370394
31.1936035156 -45.8643093833
31.24700737 -46.4820890485
30.9009571075 -46.1336155464
27.2072620392 -45.4029989053
30.4608840942 -45.8495271155
28.3734493256 -45.9586601281
32.279460907 -46.6949715012
32.1477775574 -46.8964827769
31.3961162567 -46.8016960639
31.9421615601 -46.7545307587
32.0644607544 -45.413724894
31.2702865601 -46.1590981566
29.7077293396 -45.6790372111
28.5962486267 -46.6646239886
27.0715312958 -46.8591575125
30.1243553162 -46.4989612884
31.7495250702 -46.1957109518
33.5574645996 -46.497788675
31.5173282623 -45.7649539556
29.0530853271 -45.6888977052
33.8119316101 -46.3320463924
30.4462223053 -45.3750406109
30.6631393433 -45.574222654
30.3769435883 -46.4504690197
30.6280193329 -46.1295107053
29.8646640778 -46.490727474
32.6144523621 -44.4222779412
32.5582427979 -46.185944163
32.2326698303 -44.5796390337
30.4943237305 -46.4363021249
30.6485042572 -46.1620263574
31.5370311737 -46.5710129988
33.2114830017 -46.450226875
33.3169212341 -46.1822290454
34.5194244385 -46.6819964671
34.5205879211 -47.2186060234
33.2367095947 -47.3360834868
30.6740856171 -46.6757582756
32.7276268005 -46.826864745
30.5975837708 -46.3533477109
32.3280334473 -46.5709120602
34.0648002625 -46.5368611866
29.3888168335 -46.4621734209
32.1180648804 -47.2203968047
32.9478111267 -46.7176378447
32.5548820496 -46.4563573422
35.7644767761 -46.3837856406
35.5051994324 -47.1752965764
33.4664764404 -46.9847127723
34.0085792542 -47.5987891483
34.7414550781 -48.002863695
repacking frequency for this run is 10000
35.2265357971 -47.4953311938
36.6345939636 -47.5764066944
37.2244529724 -47.6061940476
34.8423500061 -48.6208659847
37.1203079224 -47.8698489237
39.5936317444 -48.0733904729
39.3251571655 -48.0882155347
37.863658905 -48.2802444592
38.8880577087 -48.5740191706
39.3572921753 -48.3997391817
37.7099571228 -48.3634442534
37.6454582214 -48.3829656237
36.2749862671 -47.739714423
37.9014015198 -47.5830033739
38.6212844849 -47.6089049126
38.4650421143 -47.8422684492
38.3173828125 -48.1888443951
36.0697898865 -48.4784435744
35.695640564 -48.1035165307
36.1553840637 -48.2377992148
35.8736038208 -47.6788807546
37.3393478394 -48.8328687528
34.5549201965 -49.0490178115
34.2992591858 -48.6093801192
35.9883155823 -48.1961044102
37.2347869873 -49.108257631
37.4233627319 -48.3516994701
38.1493530273 -49.1526285193
36.2267875671 -49.1919188826
37.2190895081 -48.8909919032
38.9015960693 -49.1059661699
38.2937202454 -49.2654123607
39.1877937317 -48.5417831099
36.8613471985 -48.4377673207
37.2211837769 -48.4864947112
38.0500411987 -48.8577955798
39.6719017029 -49.2814143505
39.9249000549 -48.950084947
35.618347168 -49.0685075784
35.9008369446 -49.1182089689
36.0890426636 -48.7656367614
36.6518058777 -49.2659868837
36.893699646 -49.6622742605
35.3964004517 -48.9697561761
35.8410758972 -48.7308046398
35.5081062317 -49.4823146358
36.6745262146 -49.2262163116
33.5230522156 -48.579869798
35.8006095886 -48.1732174009
34.4392547607 -48.5124172784
36.7078971863 -49.4197970583
34.1557350159 -49.371078186
33.4606437683 -48.9612564013
36.6547622681 -49.1081284795
38.5343894958 -48.73487572
39.2663726807 -48.6657498991
39.4900283813 -49.324158268
35.6440010071 -47.9559211889
36.9738807678 -47.7974331228
34.9708442688 -48.7564235178
34.9187278748 -48.8866623408
36.5432510376 -49.3048880985
39.3483200073 -48.7856693494
40.4319114685 -49.2570691314
39.6136665344 -48.9978124772
35.5315055847 -49.1303537056
32.8610801697 -49.1926467319
36.2224578857 -48.7240180655
37.9093933105 -49.2463006009
35.9786720276 -48.6259848179
34.4678878784 -50.0396290379
36.8750724792 -48.1540066412
37.1056632996 -48.9418524136
39.5841140747 -49.0536256367
36.7304534912 -49.3336042117
38.2503318787 -49.5541148819
38.6836662292 -49.1610301336
37.8103179932 -49.9920407467
39.1654319763 -49.5234179395
37.546257019 -49.4692639056
37.9575271606 -49.0238876355
37.7885780334 -49.5597458421
36.2413825989 -49.5317127735
36.4649124146 -49.2634311178
35.4800224304 -49.198897555
40.4703216553 -49.0574856088
38.6872940063 -49.1431066247
38.2885437012 -49.1434239048
38.8716964722 -49.3631390457
37.3465118408 -47.8716732421
40.4556884766 -48.7772414109
39.5783958435 -49.6367582008
39.2727584839 -49.2132003192
38.218082428 -48.7245570485
38.4871635437 -48.3319457667
37.153087616 -48.9525822396
35.0635566711 -48.4082892079
33.4183921814 -49.1142823655
36.8364143372 -48.4934530497
37.3665313721 -48.9937025985
37.8884963989 -48.8884903526
36.3528556824 -48.7177387885
38.2624397278 -49.5179600942
38.7048301697 -49.2074282492
40.5138893127 -48.6983237343
40.2903594971 -48.6165029911
39.8536567688 -48.9654962059
40.2208023071 -49.0324581947
40.1346473694 -48.6328039004
38.5192871094 -48.6135660705
38.8219451904 -49.4007872888
40.0638389587 -48.6781290235
38.8544654846 -49.4461201617
38.5183067322 -49.3234145915
38.5570411682 -49.4724374344
37.0467262268 -49.2714550909
38.0604362488 -49.6664397
36.901222229 -49.4671933255
37.0954055786 -49.6976805893
35.7050743103 -48.7552374413
36.2572898865 -48.6066263318
36.763835907 -49.1603814465
37.8324584961 -49.6226425596
36.0872879028 -48.4326321248
37.3158683777 -48.7564495591
35.8690376282 -49.6413993076
36.2724609375 -49.2959127133
34.807975769 -48.9490491057
35.1915092468 -49.2206901578
36.3485412598 -49.4004237802
37.9300041199 -48.8979104096
38.7957000732 -48.8087099057
36.5836677551 -48.7301161324
33.1616821289 -48.6225933451
32.8867416382 -49.0195551987
31.96991539 -48.5771217492
32.6330299377 -48.5145313271
38.0846862793 -48.5494678823
38.1579627991 -48.9827907635
36.3283309937 -48.6577988284
35.3600578308 -49.0622244067
37.8165550232 -48.6734991986
38.2879257202 -49.0139249423
37.8719215393 -47.9515289657
36.2714576721 -47.6295751774
35.4608421326 -47.6742206503
36.2533302307 -48.4362526322
35.7212486267 -48.9539207387
36.3473129272 -48.92785562
36.8614425659 -49.032763224
38.9349098206 -49.6018438003
35.2409133911 -48.9193759414
35.5180015564 -48.7882465288
35.1242828369 -49.6471898303
35.7298355103 -48.2625784283
35.5641593933 -49.0631171546
35.9477996826 -49.1862667249
34.0287246704 -48.9488602598
37.8617935181 -49.3600328954
37.2672157288 -48.7261295014
36.1305618286 -49.5129811062
36.8465270996 -49.6538310604
35.4309577942 -49.6203147797
35.4428825378 -49.6162841839
38.8917961121 -48.7467050207
37.6459503174 -49.1102532376
36.2158622742 -49.9459327086
37.7795715332 -50.4201964303
33.1981811523 -49.4647355078
35.467086792 -49.0584138693
36.921081543 -50.5885286911
