rmsd and score between current and native structure
rmsd		score
repacking frequency for this run is 10
43.8362770081 251.751068708
41.8722877502 243.47617414
41.5036010742 239.097365886
41.5215682983 239.155308261
41.4856109619 238.914702218
41.4954147339 238.938774913
41.4632110596 239.189910676
41.4438667297 239.58087755
41.527381897 238.284468457
41.5596923828 237.917156193
41.6052436829 238.207015493
41.5671882629 236.712885642
41.5515937805 237.249603205
41.4912948608 236.411826305
41.4230690002 235.153844124
41.4357147217 235.489534093
41.3684196472 235.042734904
41.3766746521 234.366837627
41.3682365417 234.426075143
41.2635345459 234.51009502
41.3402671814 234.386191594
41.3592834473 234.467403194
41.3047904968 234.55359358
41.2327079773 234.368885694
41.2452659607 234.373263151
41.2124328613 235.389687895
41.140712738 234.626670618
41.1027908325 233.636959922
41.0791893005 233.995705846
41.0760803223 233.717173445
41.0734443665 233.2819291
41.0795059204 232.690608803
41.0757293701 232.500945191
41.1083564758 232.783435078
41.116317749 232.767198618
41.1196136475 233.343384488
41.1400108337 232.965893632
41.1301383972 232.696805063
41.1293716431 232.725421989
41.1357727051 232.653037791
41.1389350891 232.464966065
41.1304550171 232.550927491
41.1219329834 232.151928515
41.1250457764 232.151963245
41.1615600586 232.667221022
41.1522369385 232.779507603
41.155506134 232.421968833
41.1460113525 232.572968478
41.1418266296 232.079254397
41.1435241699 231.774837139
41.0998840332 232.799016254
41.1026611328 232.481920475
41.0987625122 232.019251154
41.1040496826 232.037706539
41.1002922058 232.132968609
41.1028938293 232.130982349
41.0770683289 231.920380492
41.0759506226 231.693658862
41.0822868347 231.400672808
41.07862854 231.636534421
41.0768241882 231.160168576
41.0781059265 231.621722676
41.0995178223 231.223353739
41.1041297913 230.943048317
41.10338974 230.858029445
41.1225280762 232.328155506
41.1043586731 231.117085575
41.0953788757 231.716586616
41.0940742493 231.748860074
41.1101455688 231.084497177
41.1160469055 231.228563908
41.1104660034 231.099051733
41.0993156433 231.335065205
41.0972709656 232.676551369
41.085849762 231.993690866
41.1209487915 231.152231711
41.1104431152 231.416921399
41.1069221497 231.417723938
41.1047554016 231.465338671
41.1132164001 231.606872832
41.1060791016 230.864469656
41.1090240479 230.6378946
41.1345901489 231.333008315
41.1511993408 231.782000541
41.1686134338 232.013506699
41.1575469971 231.907186571
41.1408920288 231.400682567
41.1445999146 230.948980465
41.1450424194 231.355010054
41.136844635 231.81677074
41.1483802795 231.256094635
41.1564788818 231.364845563
41.1130523682 231.254107411
41.1134109497 230.964376348
41.1300048828 231.257719624
41.143497467 230.54307649
41.1445503235 231.344259851
41.1364822388 230.760231152
41.1158218384 230.650353095
41.1128196716 229.980407899
41.1161270142 231.124811997
41.0692825317 231.290178101
41.1092681885 230.728243557
41.0869941711 230.172759398
41.0963478088 230.306623102
41.108089447 230.099265164
41.0997238159 231.170242212
41.1171340942 231.644350833
41.1432037354 230.369779856
41.2040939331 232.265778006
41.173866272 230.437062027
41.1438713074 230.554076907
41.1637954712 230.742802433
41.1153182983 230.168696736
41.1152496338 230.27401286
41.1213684082 229.890437724
41.1119651794 230.074346934
41.147354126 231.292721279
41.1558303833 231.006983337
41.1585121155 232.269435271
41.1614189148 231.017811393
41.1484146118 231.384668782
41.1631546021 231.095026309
41.1214523315 230.292675032
41.1365623474 230.509379078
41.1106452942 230.637463514
41.1266021729 230.3760496
41.1420669556 230.32239973
41.1221885681 230.469845223
41.1175613403 230.228546672
41.0747070312 230.974673032
41.118812561 230.867725736
41.1288032532 230.403676816
41.0964202881 231.133190017
41.105506897 230.339182583
41.0877532959 229.49490938
41.1360969543 230.858642053
41.1275062561 230.937788609
41.1248054504 230.396268318
41.1198692322 230.601592808
41.0970573425 230.198275329
41.0731048584 230.255867239
41.0471878052 230.743192569
41.0401115417 229.744355719
41.0469474792 230.026053711
41.0644950867 230.824903213
41.0473327637 231.621243585
41.1264686584 231.012670796
41.1043281555 231.34006246
41.0877532959 230.115448214
41.0591430664 232.570263988
41.0602493286 229.771261254
41.0702438354 230.662000803
41.0589447021 230.265722287
41.0650558472 229.829731231
41.0661621094 229.952147739
41.0751037598 230.47506761
41.0526123047 230.164793871
41.0990867615 230.846453894
41.0453605652 231.197085444
41.1377601624 230.929489266
41.1360969543 231.086692371
41.0832748413 231.475064371
41.0855751038 230.046465027
41.0468177795 230.029194604
41.0363121033 231.530434695
41.0695228577 230.614669202
41.0867843628 230.459745248
41.0788383484 230.193349594
rmsd best score this run is 229.34593688
rmsd it has a RMSD of 41.088542938241.0885429382 229.34593688
repacking frequency for this run is 100
43.5753250122 251.0210182
41.2348594666 241.831060429
41.1373939514 241.608793952
40.7353782654 238.792787872
40.7410736084 238.776592238
40.7432937622 238.52911991
40.7418899536 238.527392881
40.7448348999 238.536126363
40.7493400574 238.570657004
40.7558555603 238.594549946
40.7476158142 238.537675222
40.7359580994 238.534888686
40.7380714417 238.517088087
40.7355270386 238.550640389
40.7377700806 238.545774522
40.7364654541 238.537556751
40.7614173889 238.617878584
40.7417297363 238.531929461
40.6733894348 238.075580741
40.2470474243 232.561114945
40.3205566406 230.822074539
40.306640625 230.945111988
40.2880554199 230.884183798
40.3090782166 230.55796323
40.2652854919 230.507710027
40.2615585327 230.774046903
40.2551765442 230.570742853
40.2481155396 230.762040931
40.235824585 230.686395274
40.2380561829 230.557007111
40.2333717346 230.596236196
40.2454795837 230.881590998
40.2764129639 230.84615846
40.2213859558 230.597948481
40.2352371216 230.897013349
40.2339744568 230.686173695
40.2242584229 230.909105148
40.2532501221 231.465497235
40.2260627747 231.17149356
40.2197570801 231.178032437
40.3162384033 231.146482884
40.32447052 230.660542795
40.3233680725 230.120668618
40.3463783264 230.533432385
40.3082275391 230.524337468
40.3227272034 230.366775773
40.3049354553 230.399608102
40.3121147156 230.135045562
40.3078079224 229.92445014
40.2939033508 229.47613129
40.3066177368 229.330891227
40.3136291504 229.420754827
40.3092689514 229.980371155
40.314414978 229.820223834
40.3153038025 229.163151005
40.3148231506 229.557439656
40.3148422241 229.520820561
40.3024711609 229.911157802
40.3054428101 229.641183776
40.307346344 229.720488989
40.3138198853 230.441351317
40.3114242554 229.378333875
40.3043899536 229.47696697
40.3113327026 229.940613792
40.3288993835 229.939259854
40.318862915 230.011900284
40.3164558411 230.147863077
40.3048477173 230.20746329
40.3113098145 230.120085109
40.2794075012 230.166701822
40.2781715393 229.968418
40.2811012268 230.293447675
40.2898979187 229.832600788
40.2504768372 230.707981703
40.2959823608 229.899580895
40.2891082764 230.115704625
40.2978477478 229.436769981
40.2995834351 230.115573226
40.3029632568 229.816139616
40.3224639893 230.560908345
40.2370643616 230.31055764
40.2468948364 230.283962367
40.2592201233 230.281673989
40.2551803589 230.145604913
40.2873344421 230.245423539
40.262386322 229.940008345
40.2661437988 230.068611602
40.2642173767 229.852756501
40.28175354 230.349385937
40.2644538879 230.080562673
40.2514839172 230.326878089
40.2585983276 229.939705119
40.2433815002 229.816724144
40.2728500366 229.965437261
40.2629470825 229.664541366
40.2345504761 229.79480863
40.2159767151 230.301183382
40.2215042114 230.106227437
40.2327384949 230.221329469
40.2248420715 230.117212108
40.2019042969 229.83950242
40.200252533 230.150989985
40.2140388489 230.01935754
40.2224121094 230.066041698
40.2244300842 229.793941849
40.2185211182 229.566977741
40.2128257751 229.752651535
40.2086715698 230.032798123
40.2206420898 229.979221347
40.2372398376 229.830499528
40.1550865173 228.441823007
40.1217536926 228.680655059
40.1549453735 228.527721199
40.1584091187 228.494246151
40.0929870605 226.651183086
40.102848053 226.771456932
40.0993423462 226.774077784
40.0720367432 226.658053776
40.096988678 226.67805004
40.0857925415 226.516310702
40.0538101196 226.597652633
40.064289093 226.091882941
40.0632400513 226.396720651
40.0520019531 227.29684307
40.0459022522 227.338187842
40.0822944641 225.300208877
40.0865516663 225.262196188
40.1064872742 226.049805958
40.0739135742 226.178871036
40.0617294312 226.287518036
40.0701026917 225.759630127
40.0572547913 225.001756006
40.0443458557 225.926121657
40.0617370605 225.280991292
40.1227302551 225.603132669
40.1143836975 226.467803628
40.1194915771 226.056886312
40.1195755005 225.279749572
40.1277923584 225.591834549
40.11951828 224.766459147
40.1056861877 225.594219224
40.1053924561 225.588297754
40.1098518372 225.486803692
40.0864868164 225.26481371
40.0978279114 225.412847452
40.0895957947 224.989197027
40.1026649475 225.112281007
40.0717735291 225.042200324
40.0792503357 224.898566508
40.0899658203 226.046526339
40.0718269348 225.060153906
40.0634307861 225.367267875
40.0821647644 225.230589923
40.06483078 224.577496052
40.0447158813 224.787151873
40.0744972229 225.104423969
40.0515785217 224.889450306
40.0276565552 224.150299723
40.0147743225 224.440277908
40.0384216309 225.250665202
40.0398368835 224.731578449
40.048614502 225.023750884
40.0587654114 224.384404067
40.0384941101 224.602078413
40.0247573853 224.92860666
40.0234222412 224.470009543
40.0181274414 224.822128935
40.0429115295 225.387363755
40.0407066345 225.286871433
rmsd best score this run is 223.949688597
rmsd it has a RMSD of 40.038219451940.0382194519 223.949688597
repacking frequency for this run is 1000
44.0073394775 252.264140377
41.3695411682 241.860099952
41.305721283 240.732156866
41.3335800171 240.52909793
41.33776474 240.681002192
41.2291526794 240.029577558
41.2194252014 239.53624255
41.2262229919 238.806987383
41.1716957092 238.247271347
41.306098938 237.913039194
41.1391563416 238.029079302
41.2020835876 238.143900914
41.2007865906 238.026404886
41.1873550415 238.144529542
41.0297775269 237.21020446
41.0205993652 237.371535289
41.0427474976 237.23663427
40.9697875977 236.673720643
40.8762741089 235.651774714
40.7964782715 235.543663566
40.6491241455 234.470693376
40.6948051453 234.075754612
40.5845375061 233.712143833
40.6053085327 233.47767021
40.5882949829 233.826411393
40.7380409241 233.939570317
40.6213569641 233.741430536
40.606212616 233.640575766
40.640045166 233.538669865
40.650806427 233.787276176
40.5970916748 233.77726986
40.598236084 233.404571681
40.6090660095 234.122022972
40.5917434692 233.511734951
40.5764961243 233.716653142
40.6045646667 233.352395721
40.5958786011 234.15737062
40.5820922852 233.816471157
40.6128578186 233.81550402
40.6218681335 233.956916727
40.568031311 234.076406523
40.5826187134 234.095474872
40.5848693848 233.695441812
40.612827301 233.573622086
40.6170845032 233.531996589
40.6186637878 233.673389782
40.6450881958 233.562645147
40.5787887573 233.995266916
40.6091194153 233.942785671
40.6056900024 233.762823651
40.577960968 233.786585944
40.6274719238 233.724640274
40.6091461182 233.742235953
40.5971374512 233.980229824
40.6018791199 234.048935802
40.6235466003 233.888356726
40.6229400635 233.449618026
40.6030006409 233.432020815
40.5967521667 233.398929068
40.6067085266 233.445507699
40.5828781128 233.7293339
40.5793037415 233.661515144
40.5824279785 233.479125894
40.6040725708 233.672429845
40.6660118103 234.175468032
40.6321907043 233.457118096
40.6593589783 233.544620628
40.6344985962 233.517013662
40.6714286804 233.355651327
40.6295890808 233.577041393
40.6108360291 233.772672453
40.62109375 233.536856543
40.6919746399 233.760037435
40.6662940979 233.773619449
40.7153358459 234.032161943
40.6672744751 233.715727741
40.7146186829 233.409595685
40.6302375793 234.085206869
40.7184410095 233.157685889
40.6808815002 233.264363901
40.7426338196 233.359377723
40.7442893982 232.748965913
40.7220306396 232.253276535
40.7320594788 232.206152904
40.6968612671 232.144663483
40.7091331482 232.719495379
40.6715583801 232.526861091
40.712600708 232.639376525
40.7137565613 232.220609854
40.6962013245 232.464198925
40.6822853088 232.445148681
40.6974334717 232.006103857
40.6887512207 232.04034884
40.6924514771 232.089163425
40.7138595581 231.912506953
40.7237968445 232.036328786
40.6780548096 231.769178246
40.6914787292 231.804276085
40.6568565369 231.717368731
40.6981925964 232.095016164
40.7013893127 232.221573887
40.6952209473 231.797128883
40.6661872864 231.756970882
40.6779632568 231.771138725
40.6953048706 230.854555796
40.6792488098 230.191934334
40.6550140381 230.903096779
40.6345977783 230.56906865
40.7432556152 230.832294056
40.6336097717 229.785615178
40.6656646729 230.049175611
40.6177330017 229.824115106
40.6158752441 229.785734982
40.625453949 229.891484051
40.6272659302 230.329266256
40.6202774048 230.112178977
40.6687431335 229.654028292
40.7000999451 230.205116279
40.6369781494 230.497120095
40.6663322449 230.349189722
40.6444892883 230.183050403
40.658782959 229.965353104
40.6365242004 229.794312379
40.6799507141 230.634602024
40.6849975586 230.095107748
40.6150436401 230.69896555
40.6866493225 230.468421025
40.6066627502 230.150402057
40.6163253784 229.826347164
40.601108551 230.569222371
40.6326828003 230.370439964
40.6342086792 229.773909981
40.6481208801 229.844831614
40.654209137 229.681875036
40.6306037903 229.952489268
40.6347618103 229.81272977
40.6253356934 229.637456612
40.6534461975 230.032100833
40.647441864 229.940919248
40.659778595 229.995047054
40.6563644409 230.148533172
40.6464691162 230.103455771
40.6558990479 230.333824115
40.6208229065 229.6384404
40.649520874 229.484800043
40.6759529114 229.583627977
40.6644744873 229.542394904
40.6527748108 230.256841509
40.6736984253 229.963676673
40.6441879272 230.287363765
40.6593170166 230.213769606
40.6864089966 230.988938448
40.6616630554 229.800395862
40.753238678 231.107333338
40.7984275818 229.992550844
40.8004570007 230.395498504
40.8226661682 229.836490816
40.8190727234 230.254987
40.8177566528 230.248582224
40.8059959412 229.803793582
40.7930831909 230.615103296
40.7843170166 229.996730114
40.7833709717 230.193910456
40.7206573486 230.462226838
40.7014312744 228.983833909
40.7254867554 228.053271123
40.7538986206 228.062916783
40.7446594238 227.934208987
40.7446670532 228.051954382
rmsd best score this run is 227.867135284
rmsd it has a RMSD of 40.753265380940.7532653809 227.867135284
repacking frequency for this run is 10000
43.1081962585 248.882014228
41.7632026672 242.615628549
41.4631156921 240.707726929
41.4963111877 240.770316496
41.5302085876 240.362563044
41.4799118042 240.68478984
41.4806747437 240.787092752
41.427230835 240.783647671
41.3381690979 240.524289478
41.3989524841 240.755964161
41.4119338989 240.714905772
41.3919029236 240.819092105
41.4213867188 240.77387571
41.3524856567 240.326342983
41.4203071594 240.57744172
41.4604072571 240.547173125
41.3530426025 240.472446689
41.1911888123 239.748043605
41.055973053 237.638386814
41.0115013123 237.001464697
41.0057220459 237.159724448
40.964881897 236.005762233
40.8860778809 235.809298529
40.9045448303 235.567446017
40.885887146 235.665023206
40.7513160706 235.646719719
40.7418403625 234.081210163
40.8707008362 233.794208859
40.8714561462 233.042084639
40.8481025696 231.873716122
40.8814315796 232.509085772
40.8428382874 232.106016515
40.8645782471 232.06949624
40.8356704712 232.584075909
40.8460121155 231.862681428
40.8363037109 232.429712098
40.8218955994 232.290273927
40.8273200989 232.338883562
40.8644638062 232.904627491
40.8837890625 232.308656797
40.8645629883 231.771393541
40.8668861389 231.897308832
40.8253479004 231.612141619
40.8319549561 232.011244318
40.833442688 231.791339165
40.8500976562 231.540557499
40.8286399841 231.834925998
40.7895812988 231.450119358
40.8188858032 231.606849497
40.801612854 231.610084572
40.7964897156 231.001881769
40.795753479 231.014030708
40.8017044067 231.815489606
40.786151886 231.34122754
40.7684135437 231.388358949
40.8282012939 231.884248635
40.8565406799 232.169592737
40.8394546509 231.199484471
40.8029098511 231.428088007
40.8152618408 231.687226112
40.8183364868 232.098090679
40.7785301208 232.321053007
40.7693634033 231.615222719
40.7451934814 231.665624809
40.7578620911 231.601797542
40.7775382996 231.803698685
40.7973861694 231.01301075
40.7812957764 231.393395413
40.803527832 231.915981607
40.8042144775 230.861398341
40.8004112244 230.571443036
40.784702301 230.620013911
40.7853240967 230.741735966
40.8114204407 232.162649771
40.8102989197 231.38533021
40.7780723572 231.08722394
40.7703285217 231.386737814
40.7791862488 230.69322884
40.7758407593 230.973371423
40.784942627 231.711346066
40.8177490234 230.699717849
40.8273048401 231.006309282
40.8255195618 231.561562174
40.8194351196 231.070104533
40.8100280762 231.539825022
40.8018531799 230.691890188
40.8068313599 230.422276081
40.8399543762 231.161298804
40.8473320007 230.691689096
40.8547821045 230.839799241
40.827747345 231.153783039
40.8021087646 230.212509868
40.7888450623 231.684042277
40.8080749512 230.324937794
40.7509689331 230.200545506
40.7685050964 229.932033621
40.7788314819 230.295814631
40.7515563965 229.781218771
40.7664680481 230.521339895
40.742515564 230.095771887
40.7274055481 230.143404159
40.7166900635 230.960905105
40.7212600708 230.062484206
40.7574996948 230.124578044
40.7490997314 230.372574906
40.7599143982 230.367881539
40.7556610107 230.345941462
40.7623023987 230.873897433
40.7137527466 230.017020216
40.7363014221 230.011156996
40.703163147 230.080819741
40.6877059937 229.918742174
40.7099571228 230.278208139
40.7308998108 230.864729053
40.7191123962 230.575745668
40.6917800903 230.378566689
40.6762924194 230.134390972
40.7116775513 230.463137822
40.6723823547 230.86824218
40.6977996826 232.074846089
40.6991462708 231.006680068
40.6725730896 230.989763916
40.7078132629 231.091892443
40.7344818115 230.14333543
40.6701011658 230.421281671
40.6898269653 231.070317169
40.7329978943 230.729502959
40.6935844421 230.22468527
40.7122077942 230.022334127
40.7029685974 231.152670222
40.681476593 230.485128586
40.7236747742 230.84020684
40.6773605347 230.219269718
40.7168693542 230.751412308
40.7040061951 231.323908248
40.6888313293 231.036814284
40.710269928 230.165797929
40.7045555115 230.323593105
40.6613578796 229.754946575
40.6545791626 230.122750626
40.6633071899 230.29179743
40.6470451355 230.041468846
40.6662025452 230.105007916
40.6521606445 230.526820938
40.6576118469 230.0479332
40.6662445068 229.980506461
40.6958847046 230.164706753
40.6113090515 230.27897682
40.6801986694 230.601735805
40.6564025879 230.065354042
40.6206436157 230.769572405
40.6021347046 230.78257339
40.6210899353 229.872831309
40.6358413696 230.946088365
40.6495437622 230.399099855
40.6639518738 231.234172505
40.6141357422 231.136664063
40.7541046143 231.923760886
40.6594619751 230.388153449
40.6554718018 231.225212125
40.638092041 230.444704498
40.6080245972 229.683655954
40.5883369446 230.188689713
40.6212158203 231.225041342
40.6212348938 230.155911206
40.6513328552 231.256445069
40.6427307129 230.707457472
40.6557769775 231.116018365
40.610912323 230.553318843
rmsd best score this run is 229.289547272
rmsd it has a RMSD of 40.643814086940.6438140869 229.289547272
