rmsd and score between current and native structure
rmsd		score
repacking frequency for this run is 10
56.6571159363 241.317274515
27.8425559998 149.49576347
26.9198131561 136.903253019
25.9898586273 131.484549395
26.0716075897 130.152851072
26.4904327393 126.831437947
25.9956207275 130.217418599
26.4143543243 126.956220063
26.0908679962 123.695344672
26.0353012085 125.062033933
26.3092575073 121.049539528
26.0306949615 130.713075988
25.6545219421 120.816331274
25.4097824097 123.254971092
25.570646286 122.747766568
24.7804813385 121.643939319
25.4882392883 121.55993827
25.5172653198 120.779834492
25.2938861847 125.070468575
24.3496437073 118.735909067
24.5597324371 122.388196827
23.6135158539 121.513014395
20.8727874756 117.247639087
19.3123054504 108.975370681
19.4339942932 111.412653779
19.431848526 113.003193892
19.3552379608 107.281858164
18.5675296783 104.905881629
17.3465023041 96.306018789
17.8822593689 96.3086614049
18.482252121 97.5734155914
18.0544719696 100.045002622
18.25522995 96.9519380834
18.1613044739 99.4044370469
17.9929351807 95.5020467542
18.046913147 96.2362045609
16.9442825317 95.5665261548
17.0722942352 95.4914861873
17.0277481079 95.9160714061
16.9536190033 97.7177115911
17.6114292145 96.4835505635
17.4474029541 93.2793767789
17.0739688873 96.0929026142
16.9706916809 87.7999445462
16.9399013519 91.7604082457
16.9043884277 90.8777753693
16.9989719391 92.6981155775
16.4395637512 87.508098443
16.1750278473 88.9967076302
15.9156723022 94.3697325682
15.9671373367 96.2177792878
16.1853580475 92.5413716373
16.0228157043 92.4410928516
15.9215450287 90.3175153128
16.4608440399 91.5702355124
16.3432407379 91.5528460961
16.0050163269 90.7086188139
15.940618515 90.6535404371
16.3429870605 89.3872140605
16.4256858826 90.061727985
16.9574508667 90.2329223731
16.7606086731 90.378691124
16.9582557678 87.5597788492
16.9332733154 86.2957793254
17.1533069611 85.441870759
16.9584980011 94.1923955895
16.906042099 90.5063391263
16.6265163422 89.5292321736
16.4019031525 91.4102107989
16.5148563385 91.869562621
16.7315368652 90.4609947776
16.9009590149 90.2871548889
17.2962627411 88.4120175584
17.064748764 88.6364355908
16.9845581055 83.4113558855
17.076089859 82.0556065055
16.8206615448 82.9997986781
16.7456474304 84.9038538394
17.1800251007 79.1943903998
16.9852828979 78.1492215263
17.2452468872 82.6567899226
16.9379348755 78.8893254551
16.812374115 84.2189441288
17.2747955322 74.9632935405
17.3160018921 80.9291234463
17.2060852051 77.3046670525
17.4582748413 78.9629096492
17.1365013123 76.448605116
17.1451835632 81.3217715873
17.5430221558 79.1701079821
17.3649692535 78.2735002728
17.3198795319 75.2433383464
17.1598834991 79.8271763003
17.0816669464 79.5688263602
16.7408313751 81.2630319949
15.9651422501 80.8954575463
16.2985782623 76.1295683993
16.3204231262 72.9234762184
16.1332130432 76.0096527749
15.8681917191 78.1447707368
15.6075515747 84.6389587696
15.5757656097 79.7461429604
15.6589136124 86.8133878017
15.648812294 81.4477033817
15.4872255325 76.0579108642
15.7371959686 83.2308287157
15.5442752838 72.030627307
15.1141166687 78.410582745
14.5726366043 73.1084724229
14.8788576126 66.2906243176
15.2525291443 70.4664519183
14.8998737335 66.6416896918
14.8599262238 69.0909226041
14.6585292816 64.8117223341
14.7535657883 70.735374036
14.8357257843 71.4603075598
14.8516235352 74.6997260918
15.2129383087 67.6480826638
15.2262907028 79.7479492141
15.1502780914 70.2393023357
14.9684963226 67.6941375054
14.8829936981 69.0329242554
15.2570152283 67.7933847376
15.1068696976 63.6543401215
15.3456363678 68.0154824322
14.9528617859 67.051685809
14.8445701599 65.5014485197
15.2556295395 63.4335550519
15.3827171326 62.6845424315
15.2721233368 66.2302079911
15.4299621582 68.2797330491
14.994720459 65.8312753805
15.3847751617 59.8068798024
15.2108297348 56.1993019251
15.2778339386 59.593026944
15.4394454956 55.8115470012
15.2453985214 59.7516266723
15.2446365356 53.6337248287
15.1381044388 58.8551380411
14.9720668793 68.3767237301
15.1606674194 58.7653589865
15.4680662155 61.0206087707
15.5510215759 54.8517341223
15.5272445679 55.4054772361
15.9745483398 56.5003765057
16.2230567932 50.3038138729
16.1651668549 55.2132064683
16.2230701447 53.5113295193
16.2803668976 63.9108801081
16.1455745697 62.8401214011
16.2967147827 59.0351819111
16.3486289978 56.7716905912
15.9840307236 56.4826592427
15.9130563736 56.1140308717
15.513964653 60.1495653098
15.6487770081 48.3891532033
15.3053350449 49.1829643269
15.2137880325 51.489249847
15.2534189224 49.0463149194
15.1111745834 50.3071278867
15.4640436172 53.8082550194
15.3879842758 47.0815665031
15.8357887268 57.1681397485
15.2027788162 52.0737337917
15.055644989 56.6019698747
15.0476942062 52.1295708767
15.0162973404 57.8770329854
14.7928562164 54.7563000004
15.0838327408 55.2802663883
rmsd best score this run is 45.6628123098
rmsd it has a RMSD of 15.397316932715.3973169327 45.6628123098
repacking frequency for this run is 100
57.0965766907 242.374345873
30.4219245911 145.230583101
29.2618904114 140.02740238
28.7334766388 140.759687967
28.477191925 142.373983946
27.4496898651 139.875470674
27.5789737701 138.829833244
27.3712863922 141.059650402
26.9843139648 139.757846378
22.7191009521 119.290122239
22.7401676178 117.473037829
22.5664577484 111.124347228
20.5763053894 110.089711948
18.9675235748 103.432204853
18.8996124268 103.684297284
18.2737140656 98.8803861823
18.3553142548 100.488606922
17.3322238922 94.8766551043
17.4258060455 94.9808631187
17.4552192688 96.2214682739
17.4002246857 96.7218076551
17.5237102509 95.0974474809
18.4356689453 86.088479532
18.4677143097 96.6447888935
19.3048496246 90.2836550802
19.2208271027 89.0340545232
19.2212734222 84.9823622044
18.9851150513 93.159145009
18.661239624 87.3043041927
18.8321094513 87.3774681294
18.7829856873 89.0662680666
18.637506485 84.6266710099
18.330663681 91.6062010226
18.1698112488 86.9268534123
18.0599517822 88.8753991585
17.9005680084 88.7217938772
17.9099140167 92.3023415292
17.8888225555 91.7513752842
17.9848632812 87.8994783752
18.0337181091 87.7815830175
17.9583873749 90.6462542156
18.0315284729 89.8879604256
17.8672637939 89.0676443137
17.876996994 86.0005448519
17.8955898285 85.7129192937
17.8850517273 90.6308243357
17.8508987427 86.0072393318
17.970457077 85.7221167737
17.9579105377 89.1175600474
17.7414875031 86.12697674
17.5988273621 87.1949229761
17.4521446228 86.7930942547
17.3980312347 88.8181525518
17.5180206299 92.4626853707
17.7766704559 87.6501799255
17.9324073792 87.1859806171
17.8092460632 91.8420607624
17.6348114014 87.7731831736
17.8084506989 87.4808234993
17.8908214569 82.4802992369
17.7414398193 89.8114441167
17.8561248779 86.5980967053
18.0345745087 86.0033229151
17.8260402679 83.9067124647
18.2892742157 94.6745965392
18.0038337708 86.8945089074
18.2065868378 85.0627811041
17.7717914581 82.2507612734
17.891834259 81.6023773105
18.0475521088 90.0156034185
17.9841041565 93.8798457874
18.1551876068 86.5241907106
17.870349884 88.804130961
17.3109855652 83.2315140563
17.3304252625 90.1495549843
17.3110256195 88.5608163503
16.9480190277 81.7906949605
16.8454856873 85.3625757795
16.9931163788 83.2087441942
17.1495399475 80.8129818818
16.9677524567 82.502724371
17.0171585083 82.4246966611
17.1484527588 81.0544527291
17.228887558 86.3598137771
16.7100524902 83.3134355996
16.0789356232 81.3892046998
16.4636268616 84.6428212129
16.5112991333 82.5179910339
16.8812866211 77.3155178451
16.9901695251 82.1990990694
17.9747505188 80.1397569592
18.36967659 90.2262377973
18.320394516 81.114734771
18.1105155945 80.9037273821
18.0946521759 80.7570935172
17.9015464783 80.7626900255
17.7713699341 85.7895330289
17.8208465576 81.2417990577
17.6026077271 89.1085699685
17.9513244629 82.4574022894
18.1675033569 79.9250602259
18.386888504 79.6514740655
18.607219696 89.0240756597
18.5965862274 82.4307328398
17.6030426025 82.7274296923
17.6771526337 76.6121356554
17.250164032 83.4202506646
17.9939346313 78.578882777
17.8185749054 79.6905772945
18.0441417694 76.6971190721
17.81158638 82.1258563922
17.6997852325 77.5728388288
17.7691879272 79.0374734518
17.503786087 80.3296202242
18.1917896271 83.8209449182
17.4112148285 79.001492545
17.2221012115 81.1663248342
17.3397598267 78.7006750444
17.1957550049 84.120376087
17.5031394958 82.239820293
17.2797088623 80.9351946851
17.3102684021 83.2355637705
17.674036026 80.7107098935
17.682094574 79.59626006
17.6991195679 76.4283761567
17.3414230347 78.3259655021
17.3077354431 77.6562477896
16.9645042419 78.5415710759
17.5772323608 75.880419465
17.730928421 80.0025305453
17.58086586 78.6612970458
17.5569210052 75.7696802028
17.6789836884 81.3269816479
17.3426952362 77.6093287585
17.9705429077 75.9360001071
17.6091079712 77.8898011415
17.6902160645 73.2530133237
17.854757309 77.4854584366
17.8547401428 75.2838337076
17.9159393311 77.4350622471
17.7982025146 73.8724593434
17.8708877563 74.2866142743
17.859582901 76.800693532
17.4316558838 76.9789887808
17.4186725616 78.8973093105
17.3370227814 76.6112165394
17.4174575806 75.7049048625
17.440038681 72.4644158157
17.0756244659 76.3524907976
16.9793949127 74.6424908417
16.8943843842 75.4787920942
16.9951305389 69.9564647779
17.1055202484 78.9967881706
16.7468910217 70.562398913
16.8729934692 68.7615698388
17.0303344727 74.0323732498
17.0173339844 71.5921626466
17.0375843048 77.8829366368
16.8575401306 71.7870048197
16.9337348938 77.1016324003
17.1208629608 77.4254685389
17.1746749878 71.5621305862
17.4550151825 71.3612662056
17.4419822693 73.9405377844
17.1658916473 70.7312868272
16.9440002441 72.5430044806
16.8740215302 70.8187907732
16.5698204041 72.7079124596
17.1405925751 65.8511435063
rmsd best score this run is 64.8074452323
rmsd it has a RMSD of 17.099849700917.0998497009 64.8074452323
repacking frequency for this run is 1000
41.1586112976 184.088768976
26.4380226135 138.640203653
24.4127635956 133.109834822
23.5924053192 132.60643724
23.0247497559 130.72650766
23.650056839 127.866151817
23.5412425995 127.453010594
23.2213401794 119.204689214
21.8086223602 110.317165344
21.0141372681 110.622483634
20.9561157227 108.666057774
19.9690608978 106.718985159
20.0273685455 106.085269481
20.0638084412 105.879270185
19.8418121338 106.470929412
20.4904346466 103.716524717
20.4467506409 104.229337356
20.2490901947 99.0413609743
20.3027229309 100.835118437
20.1674442291 100.065081882
20.0700569153 103.378790158
20.1785831451 101.586694592
20.1198635101 101.602579405
20.2400474548 102.349638155
20.2402000427 104.035255776
20.5212860107 105.054609591
20.0462093353 109.025107742
20.232049942 103.936476217
20.2548408508 100.223943039
20.1718559265 99.5495434264
20.0498733521 97.7856859856
19.9650745392 104.080681647
20.0177345276 101.997925926
20.1119785309 103.346371151
20.0176811218 103.061860953
19.9184074402 106.473292432
19.9056968689 99.9262689068
20.2574996948 105.816890284
19.3352584839 98.9739332487
19.3875045776 101.280829158
19.5793399811 98.1219411462
19.7273654938 103.073936701
19.8432617188 100.563229195
19.9547119141 105.043433188
20.0793399811 104.874035322
20.0691928864 100.623227581
20.0541820526 103.013912836
19.7983455658 106.768633428
20.0856819153 99.9432682327
20.2111167908 107.424003002
19.6689014435 103.911355074
18.9892463684 102.647108673
19.5148391724 100.121917044
19.7298603058 98.1397061597
19.4111747742 97.4977644253
20.1033611298 104.942993026
19.6841239929 98.0011474495
19.699426651 102.458856561
19.6311969757 94.9884210506
19.506942749 93.008739996
19.7187671661 96.3396150529
19.3695964813 99.0880327513
19.4441585541 101.546089303
19.4914722443 100.146918085
19.4717750549 98.8990593428
19.2943649292 97.8981346159
18.7701034546 92.1914844865
18.6974925995 91.5362161655
18.8511810303 92.670862207
18.8075180054 91.4426605234
18.7376861572 96.851230626
19.042181015 90.513542587
18.9797992706 99.6418097773
18.9197444916 94.9008563483
19.0263957977 95.9290436574
18.72407341 96.3349246531
18.8068237305 95.7247594495
18.5814380646 95.1519121172
18.7187347412 96.9633003656
18.7674274445 94.3778629408
18.5972099304 101.179138182
18.9675712585 97.0949987147
18.9582614899 100.305566397
18.5291614532 97.4538774343
18.5017986298 98.7609655859
18.8678226471 97.2303139371
18.5219306946 97.2495208561
18.5226097107 103.463087656
18.5544395447 98.1002668857
18.451751709 97.4107728903
17.4348392487 95.181269657
17.1579589844 100.238391575
17.1275119781 95.3677302956
17.472492218 96.8446494523
17.748840332 97.0907258151
17.7612438202 98.6227312491
17.1964569092 98.1456581749
18.6585998535 98.2708166723
17.0473537445 92.6894415076
16.7607383728 95.0539131515
17.089969635 91.7435476256
16.9419384003 88.3319451992
16.8110275269 85.7170706604
16.952583313 85.0043445527
16.7833709717 92.7507554729
17.2448635101 89.2979683927
17.1902503967 86.8293697964
16.9799842834 86.4560966382
17.0609512329 87.9660301202
17.1157207489 85.7218501347
17.0387248993 81.6957867001
17.2260456085 93.2812876183
16.8395118713 89.5844197239
17.0362148285 83.1113955519
17.0627613068 81.2269462975
16.8232517242 84.456220821
16.6525878906 86.9036879295
16.7086696625 86.7732755279
16.5614433289 85.8433535331
16.7622089386 90.9874645543
16.4437026978 86.7054338892
16.8544273376 86.5109617885
16.6964893341 82.1910324014
16.6673297882 88.6217143242
16.5922966003 83.8106378045
16.7507190704 90.151443703
16.9040908813 88.4922677304
17.0667057037 85.17763233
16.7290763855 86.5664736716
16.7568130493 85.5342920664
16.5046787262 82.3220467515
16.05610466 82.7169568267
16.6117477417 81.8911258126
16.9668827057 87.4035120798
17.1686344147 85.3984246066
17.7143173218 84.0792055486
17.8016624451 85.2965118913
17.7296562195 83.9725482957
17.4057331085 84.2188117417
17.5191555023 83.4983448355
17.3701629639 82.1448963876
17.0411491394 81.6017843195
17.0222167969 81.1999683934
17.1052398682 82.7117942152
16.9149971008 82.1429308739
16.2647705078 86.5644171919
16.361076355 83.7119932652
16.4225273132 80.7109268155
16.5828971863 84.6820363734
16.1125907898 86.8690775971
16.3577251434 81.7275198328
16.3764877319 82.6429600543
16.5641918182 79.7996508021
16.3813400269 84.2459073034
16.4543266296 82.5854949914
16.4019432068 78.2070558884
16.5263175964 87.0338732579
16.5369777679 75.8339531558
16.4622497559 78.9803026733
16.555606842 77.4191723862
16.601190567 82.4173744991
16.6868667603 75.5273325412
16.5595340729 80.3745305469
16.581287384 83.4073541228
16.4846954346 78.1745212925
16.227771759 86.2063932793
16.1983661652 80.7154867136
16.219783783 83.0341165878
16.4068641663 78.4270352734
rmsd best score this run is 73.8584259851
rmsd it has a RMSD of 16.718389511116.7183895111 73.8584259851
repacking frequency for this run is 10000
57.9943351746 247.029225703
30.5865974426 149.468364422
28.6956386566 139.947917436
28.6022129059 142.510666234
27.0342597961 139.432637237
26.7220821381 136.278402236
26.4532318115 134.735140126
26.1425876617 133.749931512
26.4403038025 132.727440481
26.7435512543 132.683348678
26.3843269348 136.085505984
26.1635951996 132.803942478
26.2775363922 132.009327468
26.9196166992 133.394652478
26.4234676361 132.980763746
26.6837902069 134.056368676
26.0820331573 134.742665609
26.2428131104 135.548345093
26.5477581024 132.96396911
25.355424881 136.565170259
25.1939201355 131.908448061
25.0813522339 130.202396294
25.0419082642 127.477798174
24.9957084656 127.610641364
23.6818256378 131.735766712
22.9906463623 132.774440145
22.8958759308 126.607736159
22.648141861 124.301917552
22.0790328979 121.729266106
22.0826816559 124.413889012
22.2169342041 123.01017414
21.9721107483 120.044019043
21.7843055725 123.436112369
21.9623241425 120.862742694
21.4010887146 124.378362919
22.0416049957 118.521937448
21.7100944519 118.906823186
21.5820159912 116.221146916
21.26030159 114.370121824
21.4857273102 116.499866652
20.8633117676 116.791785256
20.4856491089 116.095883214
19.3006801605 112.513464659
18.1732139587 107.025490308
18.7037315369 112.838171334
18.750453949 105.93146846
18.3896083832 102.701139739
18.468919754 103.390636354
17.9855327606 102.216935053
16.6586360931 98.7925781802
16.7149677277 100.50283093
16.8262252808 100.673843377
16.7126598358 102.13520774
16.9470767975 101.174702269
16.7643947601 103.793229716
16.8016223907 99.5213939999
16.7022514343 98.5466096956
16.5296916962 100.095213187
16.3474311829 103.502261926
15.07558918 94.9181848897
15.1830062866 99.8301441907
14.869430542 100.342918436
15.2481813431 103.866682715
14.6583538055 85.3997888424
14.4896974564 92.2612991429
14.4585208893 79.1620894839
14.5337095261 77.0953597656
14.6040945053 73.564745427
14.2517995834 82.4375627814
14.2262897491 74.5988351189
14.0441503525 73.8494354081
13.9378938675 75.23409762
13.8322181702 70.5943880364
13.679980278 75.2817350125
13.8840045929 72.9542997539
13.9799232483 73.3179819475
14.3705654144 76.3586272384
13.8873214722 77.6711534334
14.1832399368 81.5768575271
13.4633646011 83.7747041541
13.8172750473 82.4761655633
13.5890855789 78.9534127823
13.4428157806 77.1347946963
13.5177202225 74.7205112003
13.7670688629 72.1643838815
13.6102056503 71.3760400932
13.6825027466 77.0091847392
13.6071977615 67.0666798893
13.1438732147 69.2215510679
13.0224714279 70.7595564391
13.0556697845 74.3415491998
12.9818706512 69.4747098957
13.3193941116 74.570444279
12.8797512054 75.0533360702
13.2136573792 73.4561948925
14.0332860947 79.5189143238
14.1091489792 77.9340101294
14.0234899521 74.2619070136
14.1318120956 78.879473348
13.0200433731 74.5183581085
13.0327854156 71.2706805016
13.0238103867 69.6443020025
13.1235284805 76.999297422
13.5496530533 79.5057926236
13.3071403503 77.7582650296
12.9811258316 73.4845669325
13.4344434738 75.5167833563
13.1316719055 67.6365019613
13.309056282 65.5687391716
13.2019805908 75.7866639674
13.2876901627 69.2194312286
13.5361032486 68.3030896386
13.6702241898 69.4747585089
13.5296049118 71.1145049864
13.2045488358 73.4971913929
13.1919202805 73.2074360282
13.1423740387 77.4055316626
13.5736722946 73.1395207266
13.626543045 79.8181381351
13.5816783905 72.8397786136
13.8705196381 77.761419139
14.2521181107 77.1612571858
14.2002916336 75.6274180093
14.1000509262 82.0974573892
13.7676019669 73.796356014
13.513253212 72.3929222318
13.7920274734 78.3755323487
13.4852523804 87.6117401459
13.5214223862 69.2439476843
13.5539693832 73.7247172052
13.4146900177 80.2298165768
13.5175743103 77.7588885849
13.0115690231 79.3249624157
13.5960350037 81.2865842486
13.7854614258 78.5341877749
14.0078964233 74.7297449128
13.8045511246 75.165587237
13.544418335 67.4656382379
13.208483696 74.5589780528
13.1617078781 69.8046589417
13.2232265472 76.247865715
13.5556602478 71.9657431731
13.4777793884 75.2589260653
13.4343080521 81.3252587765
13.356593132 76.1552760074
13.4534072876 83.5655569478
13.6143989563 79.4966237229
13.5574073792 74.1741576369
13.6978387833 78.5191777456
13.4505186081 78.2342122673
13.0207624435 73.7967416792
13.1304922104 73.9312344328
13.4339752197 79.0352392421
13.0885486603 73.6239848554
13.3402338028 74.3400077818
13.6643419266 80.791748809
13.4477624893 79.8155897711
13.3933181763 76.2356215514
13.3597326279 85.8293771036
13.4637365341 80.4317292499
13.3418903351 78.4922689038
13.5032167435 77.9510050878
13.3171424866 86.2564161263
13.7223567963 80.2216571701
13.4062147141 87.8289017304
13.8580064774 86.1025310492
13.659157753 84.1056043138
13.4180803299 82.8832141584
13.7270822525 84.4766310741
rmsd best score this run is 62.3646169272
rmsd it has a RMSD of 13.199873924313.1998739243 62.3646169272
