rmsd and score between current and native structure
rmsd		score
repacking frequency for this run is 10
75.945854187 780.968734819
76.0449829102 776.755611589
76.2318344116 776.702067954
74.4587249756 776.646663418
75.1550674438 776.771924348
76.3464050293 776.190838536
75.6686248779 775.949909673
76.1483535767 775.929628008
74.50415802 775.885207359
74.2676925659 775.964279005
75.7936477661 776.016919832
74.6743469238 775.920316178
74.0458374023 774.430977057
73.3198165894 774.274754725
72.4063491821 774.012723258
72.4590148926 773.333721348
72.5175476074 773.717445007
72.5340118408 773.65841975
72.3626098633 773.890522561
72.7865371704 773.880980316
72.4931259155 773.281179139
72.5026092529 773.279083834
72.48072052 773.458632948
72.4109268188 773.203024829
72.4770202637 773.641246299
72.5208587646 773.764074725
72.3346252441 773.541845041
72.5345840454 773.261405438
72.4425735474 773.478890463
72.6229553223 773.489216214
72.3378601074 773.614172886
72.5643615723 772.78881085
72.2994537354 772.582784901
72.4418411255 772.717029763
72.1543426514 772.984913483
72.2280731201 772.970276547
72.2756729126 772.665441108
72.1004638672 772.441457173
72.2278823853 772.587941916
71.8271865845 772.473678976
71.7089614868 771.660197459
71.7249984741 772.101071083
72.0096740723 772.58318519
72.0771789551 773.458724454
72.0697860718 772.652549933
72.0752334595 772.128972052
72.1577987671 772.877468912
72.0723953247 772.440534226
71.9576797485 771.973282345
72.0835266113 771.979192929
72.1546401978 772.51669164
72.0366821289 773.848396341
72.4370651245 775.165569262
72.2596435547 773.628469754
72.0322952271 774.895364618
72.1932373047 773.11533139
72.3308639526 772.352530745
72.2984161377 772.751000243
72.3603668213 774.365983576
72.3181762695 772.34065034
72.3575057983 773.637620548
72.2819290161 772.401216248
72.2587661743 772.657518759
72.3547668457 772.906998037
72.3022232056 772.350784112
72.2908172607 772.348750289
72.3124313354 772.927673052
72.2785644531 771.75891148
72.2606582642 771.480975211
72.3480682373 773.771677355
72.1516418457 772.695107646
72.011100769 773.894911152
71.9756317139 771.847677524
71.9057312012 772.681822896
72.1139068604 770.17377178
72.0033111572 773.573206926
71.9264755249 771.432962948
71.8739013672 772.230162934
71.635597229 772.274385389
71.4806442261 771.680817932
71.6282958984 772.397554379
71.9223709106 771.585441754
71.7601623535 772.138504474
71.7658996582 771.311811941
71.6526489258 771.583924972
71.596321106 772.234625534
71.6468658447 772.422805662
71.6686477661 770.742216417
71.7113647461 770.047878603
71.7549514771 770.435603081
71.7739028931 770.929874962
71.6982269287 770.633234735
71.7647094727 770.514690353
71.693901062 770.89889658
71.6681976318 771.381697642
71.703742981 772.21298765
71.6335144043 772.107214373
71.5706176758 772.066527674
71.6322937012 771.577791738
71.5809249878 772.314999554
71.5694274902 772.098738781
71.5532531738 771.361751109
71.5017166138 771.598725812
71.4898529053 770.970136485
71.4573745728 771.260531404
71.503616333 771.159872254
71.4773864746 770.896126661
71.4839248657 770.465031448
71.4518966675 770.715860961
71.4689712524 772.686255382
71.4137878418 771.248048787
71.5005111694 771.74420739
71.52318573 772.160906694
71.5204086304 771.239289219
71.4737854004 770.907386944
71.4427719116 770.662787457
71.448097229 770.179826609
71.4317779541 770.99467006
71.4442977905 770.965870989
71.4639434814 770.422673741
71.4875335693 770.220987112
71.4729614258 770.040301016
71.5260162354 769.988223565
71.5046844482 770.283756315
71.5195617676 770.020124673
71.5643081665 771.04403125
71.4762573242 770.052776696
71.5581207275 770.52257801
71.4754180908 770.024799728
71.5207901001 769.380370747
71.603553772 769.761534498
71.5992431641 770.038480845
71.6281509399 769.696609587
71.5968399048 769.375448419
71.547454834 769.669308973
71.57056427 769.208108165
71.5503768921 768.575711794
71.5350189209 769.136186892
71.5875930786 769.542290266
71.56690979 768.579821428
71.7747955322 771.591198415
71.9578475952 769.802332999
71.9236755371 771.446502089
71.8540725708 769.727140099
71.7928848267 769.432497336
71.673324585 769.659239495
71.623260498 768.175788579
71.6221618652 767.86982032
71.6573104858 770.905315779
71.5135345459 766.46680131
71.5082473755 768.771059759
71.4652709961 769.952231788
71.5834732056 768.219560817
71.5026473999 769.29032961
71.5383758545 767.697494614
71.5728988647 767.430400373
71.5349960327 769.093966602
71.5528640747 766.810796975
71.5343780518 767.787866436
71.4951019287 766.539995608
71.4751663208 767.628973095
71.5178833008 768.872990362
71.5859985352 769.026271241
71.5919418335 768.944950198
71.5679855347 768.072696423
71.5612487793 768.264358727
71.5233154297 768.628350598
71.5530319214 767.185532055
71.5623397827 769.187187628
rmsd best score this run is 766.431320481
rmsd it has a RMSD of 71.510856628471.5108566284 766.431320481
repacking frequency for this run is 100
76.6643600464 780.958527581
75.7485198975 776.588019411
74.6234588623 776.449768761
72.5830459595 776.309146371
72.3236236572 775.379032272
72.4503631592 774.651682639
72.2910919189 774.589367906
72.4014968872 774.443812596
72.7619781494 774.712889494
72.3987731934 774.682716788
72.5646743774 774.745180897
72.7980117798 774.67251853
72.4204406738 774.719752626
72.5339126587 774.725132607
72.3090209961 774.604628955
72.6307601929 774.691873447
72.4975585938 774.729914937
72.7216949463 774.729660568
72.6463699341 774.803690937
72.4447555542 774.477214927
72.5578689575 774.432310003
72.5486373901 774.421725126
72.4112472534 774.572350991
72.5471878052 774.694834367
72.5353240967 774.50213889
72.5718231201 774.477179054
72.6590042114 774.403495328
72.4837722778 774.46881175
72.4045639038 774.553076645
72.6544494629 774.442471234
72.467086792 774.686348531
72.4264221191 774.691886978
72.4449539185 774.70145956
72.4193344116 774.520552361
72.4792633057 774.663133927
72.4019622803 774.556448271
72.5673980713 774.71905488
72.4850234985 774.330279862
72.5776519775 774.704008778
72.5593338013 774.629284323
72.5318374634 774.562464
72.5281219482 774.357512956
72.7059020996 774.410966303
72.5008773804 774.449329037
72.5112915039 774.757875143
72.6477050781 774.608168956
72.5617599487 774.316768327
72.6337966919 774.636304274
72.4907608032 774.695566858
72.7650375366 774.652772596
72.50730896 774.517335133
72.8861618042 774.773260467
72.3229141235 774.637150175
72.612411499 774.687605405
72.6985168457 774.464710876
72.6631240845 774.640625368
72.5653839111 774.587780359
72.4089431763 774.605369232
72.5082168579 774.681586436
72.6373291016 774.642391799
72.4948196411 774.845426827
72.4762496948 774.779616379
72.6793823242 774.748067476
72.4096069336 774.755578184
72.6464233398 774.462224971
72.2835083008 774.551158224
72.6249008179 774.740110806
72.2117919922 774.635684078
72.3711090088 774.649059247
72.3849487305 774.652092447
72.2681732178 774.595173433
72.3252716064 774.765093489
72.3238143921 774.627625355
72.53074646 774.509862799
72.4427719116 774.629760803
72.454246521 774.737053025
72.4319076538 774.566368089
72.5182495117 774.660885725
72.4504928589 774.63095145
72.5037460327 774.416427193
72.2962188721 774.648031261
72.4474334717 774.949404983
72.2344818115 774.617281388
72.4503707886 774.687636291
72.3678817749 774.784282968
72.6546096802 774.628881203
72.4886932373 774.388408772
72.5457229614 774.424675065
72.3944549561 774.612482945
72.4997940063 774.890361749
72.6433639526 774.332992384
72.5837097168 774.515099718
72.3546142578 774.632631818
72.3687591553 774.654508055
72.587638855 774.421513717
72.3522491455 774.733755547
72.2940979004 774.561158364
72.373916626 774.794824279
72.6872711182 774.701581619
72.6085128784 774.55297955
72.5773239136 774.725647668
72.4443511963 774.638818656
72.5476074219 774.656757242
72.7760009766 774.595140355
72.4160995483 774.72368235
72.5056686401 774.417656455
72.4187011719 774.717997658
72.7713012695 774.887210737
72.7659683228 774.69737642
72.6865692139 774.757640342
72.6581878662 774.531752355
72.4767150879 774.549591719
72.6555404663 774.70707896
72.7822875977 774.459652125
72.4524459839 774.382972687
72.488571167 774.538914767
72.7663726807 774.583438085
72.3786087036 774.762646217
72.6313400269 774.658284309
72.2196655273 774.829642958
72.4274902344 774.642625362
72.8204116821 774.65321235
72.7203216553 774.548090851
72.761177063 774.653393647
72.30418396 774.821652765
72.4611587524 774.752626542
72.6285018921 774.740562713
72.3416290283 774.898825889
72.3790130615 774.642044531
72.4671401978 774.60507551
72.6042633057 774.584175611
72.6570892334 774.624820724
72.6335678101 774.566684133
72.4804840088 774.562949898
72.6758651733 774.760671567
72.4096755981 774.763922965
72.5190429688 774.712459951
72.6817932129 774.715131598
72.4840393066 774.376400182
72.6629867554 774.439922113
72.5713272095 774.706680382
72.5070571899 774.271012476
72.4408035278 774.640792944
72.5953063965 774.558184052
72.5300216675 774.571689219
72.3913879395 774.484733471
72.5202865601 774.780612486
72.5227890015 774.845383336
72.9365921021 775.148907927
72.7175598145 774.404341129
72.717010498 774.497083965
72.3327407837 774.769189743
72.4364852905 774.38500694
72.597114563 774.554907541
72.4929122925 774.488545496
72.5208129883 774.613628554
72.4229888916 774.487685844
72.477684021 774.847609629
72.5959014893 774.889219815
72.4707717896 775.026100547
72.4991149902 774.490859383
72.6310195923 774.465046243
72.4390563965 774.658153405
72.4707794189 774.558595094
72.6637649536 774.570355296
72.5688476562 774.419890751
72.8162231445 774.610140045
72.5901031494 774.596353293
72.5263824463 774.513862154
rmsd best score this run is 774.179697128
rmsd it has a RMSD of 72.595672607472.5956726074 774.179697128
repacking frequency for this run is 1000
75.6780166626 26137.1171828
74.5887756348 25604.6417252
73.8014144897 779.627886724
73.7589569092 777.342369841
73.8570480347 775.893434696
73.3511505127 775.214521375
73.1172103882 775.219146203
73.261680603 775.090914668
73.2484512329 775.214996081
73.2909851074 775.284479672
73.4753646851 775.123475204
73.4880828857 775.050438581
73.3098983765 775.142120919
73.1363220215 775.10493579
73.5884399414 775.021787342
73.0834503174 775.017171212
73.4126815796 775.060201535
73.5048904419 775.093597881
72.8544998169 775.131662181
73.2473144531 775.066918565
72.9744186401 775.353261561
73.3754806519 775.088874892
73.4610290527 775.111663672
73.2170944214 775.048652641
73.1923599243 774.943472402
73.3234176636 775.036651613
73.1543655396 775.143334806
73.5235595703 775.440031041
73.1213302612 774.972399532
73.1809082031 775.012060134
72.9679794312 775.049684955
72.9909439087 774.998096795
73.425994873 775.027127983
73.1078643799 775.007731788
73.1517868042 775.013562903
72.9965820312 775.096405545
73.0356521606 775.13832424
73.1543045044 775.182928784
73.1645050049 775.252503293
73.2179489136 775.259380161
73.4102630615 775.110846655
73.3668136597 775.149366326
73.0657424927 775.012603649
72.9486999512 775.135001327
72.9866104126 775.153112156
72.8679962158 775.053737234
73.0001678467 775.086233208
73.2323532104 775.113851897
73.3774414062 775.007033632
73.3052749634 775.273120908
73.201171875 775.035193036
73.4883117676 775.036917349
73.3483657837 775.04621135
73.2827529907 775.308361207
73.5093612671 775.176246881
73.4211502075 775.076233133
73.3152084351 775.138022594
73.2351989746 775.086746165
73.4380950928 775.185265131
73.3084869385 775.201578933
73.0964355469 775.16181628
73.2051086426 775.207242217
73.3668746948 775.120304058
73.4159317017 775.137009048
73.0288925171 775.136888985
73.1412277222 774.976313598
73.2684707642 775.062434022
73.2792205811 775.080375868
73.0215301514 775.103113996
73.1172332764 775.25154334
72.8868331909 775.048835163
72.9027633667 775.123697967
73.0903015137 775.11559629
72.7563323975 775.152167651
72.8681335449 775.032278184
72.9590301514 775.050387375
72.8390579224 774.95164925
73.1396713257 775.052874984
72.923576355 775.076479534
73.0073547363 775.119504454
73.2223892212 775.012785893
73.0746688843 775.176589666
73.0771408081 775.027872063
73.2556686401 775.185992004
73.1642303467 775.052980841
73.2464141846 775.131206506
73.0801544189 774.951332331
73.121711731 775.093612418
73.2403106689 775.151721141
73.1535339355 775.095404149
73.3052749634 775.015057601
73.1493301392 775.107965327
73.4203186035 775.237244057
73.0185699463 775.226339718
73.2090988159 775.087684968
73.0149230957 775.045443575
73.0918731689 775.09681246
72.9908294678 775.143483578
73.0884094238 775.015546737
73.08618927 775.206813953
73.056388855 775.018738379
73.0818481445 775.016129115
73.0910415649 775.038739738
73.1163635254 775.049765859
73.1970367432 775.03376502
72.9427566528 775.139081536
73.1056594849 775.096602978
72.9810714722 775.245700333
72.8272399902 775.110959741
73.015411377 774.971198028
72.8039169312 775.14895386
73.2265930176 775.251299575
72.9885253906 775.13058258
73.0497741699 774.959933352
73.0143432617 775.173569405
73.2242736816 775.069408436
72.9632797241 775.143955496
73.2132492065 775.072621735
73.5112380981 775.196387432
73.1794052124 775.357428029
73.6280822754 775.226250123
72.9668045044 775.038250499
73.3692550659 775.110849956
73.1260604858 775.123419484
73.0078353882 775.113744326
72.9859848022 775.006654601
73.1356964111 775.045096433
73.405456543 775.054034668
73.230255127 775.09603312
73.3330841064 775.115690404
73.1682052612 775.193449495
73.2427520752 775.076621
73.1682281494 775.260205927
73.193862915 775.030436336
73.0951080322 775.113300895
73.2128829956 775.122632047
73.1716918945 775.121576281
72.974571228 775.234508134
72.9133300781 774.967525344
73.0539245605 774.947022404
73.0933151245 775.0379994
72.9300003052 774.893171904
72.9797058105 774.696384687
72.6775894165 774.713680691
72.9854736328 774.693525873
72.8361282349 774.816691908
72.9033660889 774.966877119
72.8538208008 774.781105242
72.8796539307 774.921921375
73.111038208 774.989358542
73.2491607666 774.974118693
72.9372253418 774.791814954
73.114364624 774.924294802
72.9796905518 774.903899883
72.8359680176 774.910965326
72.9233322144 774.757447511
72.6753768921 774.828248444
72.8728027344 774.761577807
72.9929275513 774.813236156
72.8542022705 774.805052431
72.8471832275 774.733404603
72.8958053589 774.60383592
72.8735961914 774.818621144
72.8292007446 774.710560969
72.9848022461 774.729003477
72.8684921265 774.804804787
73.1160507202 774.848094467
72.8835525513 774.804051733
73.0654754639 774.854574135
rmsd best score this run is 774.60383592
rmsd it has a RMSD of 72.895805358972.8958053589 774.60383592
repacking frequency for this run is 10000
76.1640777588 26395.0382077
74.9041061401 25644.8699278
73.8564910889 25542.5226947
74.1128921509 25542.8603067
73.8978424072 25542.2398503
74.2843017578 25538.2128153
73.3990631104 25538.1219211
73.8456726074 25538.1432257
73.8726654053 25538.0867353
73.8659973145 25539.8006173
73.8448562622 25539.4853251
73.607383728 25534.8499173
73.9956588745 25534.2555282
73.8772201538 25533.8037848
73.9665374756 25534.2911541
73.7563095093 25534.0698664
73.6290969849 25534.1987944
74.1407165527 774.914663078
72.8775558472 773.607864967
73.2685317993 773.502604897
73.1522674561 773.501879029
73.3149261475 773.505171445
73.4225769043 773.520113088
73.3874282837 773.499427918
73.1653747559 773.587453232
73.4761886597 773.542426687
73.3137130737 773.529197341
73.4651870728 773.648343295
73.4371948242 773.648313532
73.2061386108 773.53226594
73.4981231689 773.700295126
73.5125045776 773.433267105
73.1815948486 773.57581337
73.319694519 773.612648624
73.4700775146 772.016023793
73.4531784058 771.680115256
73.6334533691 771.652026889
73.3299255371 771.68578348
73.4253005981 771.751067034
73.4967346191 771.729691638
73.266998291 771.547727205
73.5016555786 771.665749664
73.4257278442 771.658021161
73.4136657715 771.64966468
73.3666152954 771.579049278
73.1655044556 771.662433054
73.2801971436 771.614446886
73.2846221924 771.4868646
73.2883911133 771.630637416
73.3518447876 771.642027805
73.4660568237 771.625231614
73.4558334351 771.635676444
73.174621582 771.778274257
73.0806350708 771.51434809
72.8428421021 771.608580274
73.0183334351 771.554327876
72.9315948486 771.616186051
73.0655822754 771.519113781
73.0854873657 771.542703686
72.9513549805 771.57133208
72.8519668579 771.555219228
72.9680175781 771.496289284
72.9664611816 771.639353301
73.0975341797 771.570690369
73.1398620605 771.486240314
73.0994110107 771.580548992
73.0762405396 771.573566323
73.1088180542 771.459384817
73.4311294556 771.368800658
73.323059082 771.342346581
73.2680511475 771.437574609
73.1338806152 771.374989208
73.2898330688 771.43749454
72.8547439575 771.482015764
73.0283966064 771.457571234
73.0361099243 771.418430916
73.2589645386 771.395048824
73.3533859253 771.34893847
73.1809463501 771.382070528
72.9537124634 771.538099215
73.0136871338 771.417672728
73.2031478882 771.405722852
73.3163146973 771.801099422
72.9613723755 771.538199179
73.0983734131 771.435287579
73.2297897339 771.544936257
72.9114456177 771.699523347
72.8230895996 771.428914697
73.0621337891 771.38133717
72.9827194214 771.483271908
73.1662826538 771.354779196
73.267074585 771.497508511
73.0358734131 771.357591237
72.9372711182 771.441676284
73.3343658447 771.342487054
73.2204284668 771.379014113
73.2390289307 771.392180722
73.1335525513 771.400268373
73.33228302 771.574921452
73.3271942139 771.323519094
73.2732391357 771.373675707
72.993598938 771.595127477
73.1930084229 771.45063442
73.2008972168 771.421625454
73.3514175415 771.362137871
73.3898010254 771.399944923
73.2954330444 771.382905261
73.2166366577 771.35460253
73.1445465088 771.579691676
73.0035247803 771.380901036
73.2459259033 771.420387953
73.263130188 771.31002297
73.0071258545 771.417959606
73.0322189331 771.389647507
73.1140594482 771.379246509
73.1781158447 771.464635395
72.9311981201 771.434242884
73.0172271729 771.263918517
72.9083251953 771.359803726
72.9926605225 771.304702008
73.1920394897 771.401822403
73.0913696289 771.387246894
73.1050949097 771.356724598
73.2654876709 771.445497041
73.2158660889 771.463376109
73.216758728 771.284558764
73.1336288452 771.440268334
73.1164245605 771.323849123
73.0926895142 771.335409745
73.1789855957 771.271138367
73.1122817993 771.343289257
73.3603744507 771.342536739
73.1843261719 771.489747765
73.2411575317 771.37836856
73.1925354004 771.592238742
73.1212310791 771.337330655
73.0145187378 771.348846996
73.0887451172 771.388285897
73.0530319214 771.345607752
73.1267471313 771.525566645
72.9464569092 771.432475272
73.1925048828 771.485552337
73.1753692627 771.380202005
73.2369766235 771.601573177
73.2427139282 771.442130294
73.1700744629 771.349500266
73.42628479 771.415172084
73.2911224365 771.539669718
73.2258529663 771.444003052
73.2715911865 771.357310348
73.3161392212 771.405353235
73.3055267334 771.461536232
73.2758331299 771.408374199
73.2716217041 771.529919572
73.1749420166 771.348205875
72.7527694702 771.451068601
73.0464477539 771.328736031
73.2794723511 771.429983167
73.3318710327 771.353344801
73.0615081787 771.440446475
73.16796875 771.282564124
73.3789901733 771.474527845
73.2972640991 771.416311621
73.3279495239 771.459504619
73.3117141724 771.545800842
73.0072174072 771.476596405
73.0687866211 771.501647948
73.1037368774 771.371669323
73.0651855469 771.484989509
73.2801055908 771.416115716
rmsd best score this run is 771.174088327
rmsd it has a RMSD of 73.14955902173.149559021 771.174088327
