rmsd and score between current and native structure
rmsd		score
repacking frequency for this run is 10
73.7736587524 294.160057986
71.2067337036 285.383721671
71.1172943115 283.496036664
71.1312866211 284.276592784
71.0682754517 283.607560778
71.0669174194 283.588197135
71.1832046509 284.04570712
71.1333084106 284.963123597
71.1633224487 283.282128925
71.1118927002 283.418854233
71.1189880371 283.059289455
71.0363464355 282.189035852
70.9652481079 282.43109036
70.7888183594 280.625658455
70.7976455688 280.886240526
70.7354202271 281.343152263
70.6493377686 279.976843717
70.6597976685 280.21104624
70.6302108765 279.778353882
70.6520385742 280.110065807
70.6349868774 279.76869578
70.6998748779 279.83388849
70.6546630859 280.607035051
70.6477508545 280.894835151
70.643913269 280.63432969
70.6365280151 281.257997116
70.6170806885 280.813824178
70.6328735352 280.953773206
70.6012954712 282.03004295
70.6362457275 280.752388094
70.5882110596 279.139933655
70.6300430298 279.217946696
70.5485305786 278.399850634
70.4517059326 277.569888832
70.4538803101 277.718764549
70.4901580811 278.383554791
70.4438400269 276.891523029
70.4529190063 277.345878282
70.4433517456 277.083788547
70.4518585205 277.370551844
70.4010925293 277.437961247
70.4137954712 277.313869647
70.4729003906 277.4251743
70.4413070679 276.931118067
70.4595031738 277.849288777
70.4465484619 277.136113854
70.4513092041 277.082263609
70.4661941528 277.048023401
70.4467391968 277.013301438
70.4160003662 276.783551742
70.3728256226 276.925748013
70.4024734497 276.650466119
70.367149353 277.252456085
70.3263778687 276.223549888
70.2621612549 276.53112416
70.2425537109 276.426762833
70.2515716553 276.089864746
70.2600708008 276.385566299
70.2294845581 276.154542459
70.2322463989 276.417057691
70.2105636597 276.066041396
70.2581481934 276.54694963
70.1790237427 276.23353479
70.1581268311 276.708273848
70.2314300537 274.891118115
70.2675476074 277.132280922
70.2715072632 275.752956052
70.266204834 275.314899912
70.2867279053 276.394935987
70.1972198486 275.924077732
70.1700134277 276.767044292
70.2310562134 276.198181208
70.2328491211 275.793553231
70.2808685303 275.788878013
70.2705230713 276.367930959
70.2393188477 275.621119871
70.2188110352 275.449809705
70.2739639282 274.946135123
70.2735443115 276.204699705
70.1903610229 275.590085838
70.220664978 275.393833573
70.2269973755 274.588760467
70.2405166626 275.491245154
70.1719436646 275.846570743
70.1462249756 273.944579849
70.1557006836 273.59532895
70.1459121704 274.221381142
70.1541824341 275.682705669
70.1089248657 274.334305203
70.1115493774 273.996715144
70.1287460327 274.530519887
70.1086196899 275.116177783
70.0324935913 274.83803196
70.0565719604 274.734967641
70.0806274414 275.249542904
70.0989761353 275.982703564
70.0773010254 274.865952308
69.963394165 274.767402162
69.9602584839 273.717492759
69.9190597534 272.801548889
69.8674850464 272.652220773
69.8362731934 273.09359195
69.8349075317 271.981674651
69.8471298218 272.763105728
69.8622512817 273.249738848
69.8721084595 273.513108869
69.866065979 271.637050096
69.8926086426 272.799520984
69.857673645 271.751232159
69.8633575439 271.672526989
69.8617706299 272.063518132
69.8424606323 272.374657909
69.8828964233 272.150222749
69.8795318604 271.78214115
69.8197402954 271.884236787
69.8231048584 271.548998251
69.8269348145 273.874782272
69.8592147827 272.3171666
69.8354110718 271.842356586
69.8379211426 272.297743502
69.833190918 272.077630188
69.8667297363 272.309647664
69.8237457275 271.8539853
69.8504257202 272.197276808
69.8456726074 271.893431521
69.942565918 273.597376175
69.9117279053 272.211132313
69.8596038818 272.115743184
69.7946166992 271.790870549
69.9235992432 272.156208539
69.8974914551 272.208035087
69.9041595459 271.868596413
69.8325271606 271.720350875
69.8407211304 273.667159875
69.8647842407 271.837495946
69.8420181274 273.889782247
69.8445129395 273.75378166
69.6781387329 273.273412885
69.6996231079 272.684038806
69.7335281372 272.866634621
69.6901397705 272.739871148
69.7522659302 272.489759405
69.7192840576 272.179025495
69.6981201172 271.509728008
69.6393280029 271.456615298
69.6730575562 271.078824808
69.6826782227 271.798847791
69.7113571167 271.58258084
69.662322998 270.691795339
69.728263855 270.225147697
69.7127914429 270.29295304
69.7547836304 270.482193787
69.7731246948 270.472495454
69.7323760986 269.524073647
69.7413482666 270.317019832
69.7284011841 270.163620579
69.6755752563 270.111553501
69.6927032471 270.251752681
69.7137374878 270.676537264
69.7150878906 270.705679492
69.6585845947 271.101334548
69.685874939 270.602613582
69.7051544189 270.364891131
69.7378845215 270.641140463
69.7024993896 270.053880238
69.6878356934 269.762509013
69.6713562012 269.81424611
69.6819992065 270.051753166
69.6774902344 270.486445257
rmsd best score this run is 269.494128623
rmsd it has a RMSD of 69.699211120669.6992111206 269.494128623
repacking frequency for this run is 100
72.6128540039 290.880994401
71.3386154175 286.327486343
71.2876586914 285.87951193
71.1117401123 285.180976596
70.939201355 282.663921094
70.9421615601 282.164044169
70.9323196411 282.169822791
70.8935623169 281.956313189
70.8742599487 282.371567455
70.5947189331 280.507506752
70.5600128174 280.286515563
70.5430221558 279.811456868
70.5305557251 279.817576174
70.5087203979 280.520445543
70.5055160522 279.626495281
70.5197067261 279.921991481
70.5179977417 279.066900443
70.5037536621 279.800110831
70.5071716309 278.945418025
70.5006103516 279.435505538
70.4780807495 282.018338889
70.4489822388 280.57715641
70.4177017212 280.535796331
70.3906402588 279.953061658
70.3050384521 279.654186621
70.2393188477 277.425624506
70.2626724243 277.286888618
70.2698059082 277.133794279
70.2327270508 276.530357225
70.2325286865 276.220575195
70.2159957886 277.083016187
70.2151641846 276.711558148
70.2209243774 276.445032247
70.2338180542 277.102671657
70.2647094727 277.390641865
70.2346801758 278.024366849
70.1860198975 276.615257116
70.1703720093 276.412502861
70.1930007935 276.865637787
70.1581954956 276.779165412
70.2126312256 276.739075365
70.2117843628 276.757388109
70.1765289307 276.262065305
70.0874176025 275.517884269
70.1154556274 275.883299522
70.1285552979 275.820783258
70.0860290527 275.879091004
70.0918960571 276.265352092
70.083770752 276.199350367
70.0933914185 276.282876541
70.1174926758 276.018112912
70.0792694092 275.880420309
70.0825576782 276.583758207
70.0687179565 276.650834129
70.112991333 275.592711143
70.1087799072 276.280285966
70.1277008057 276.702619784
70.098526001 277.224839785
70.0621871948 277.355309146
70.125869751 276.198787559
70.0793991089 276.099882711
70.0867996216 276.563745951
70.0716171265 277.51064524
70.0964508057 276.687385885
70.0668411255 276.682030782
70.103477478 277.739823013
69.9641571045 276.820663066
69.9823913574 276.417426554
69.9693222046 275.674861094
70.0042419434 275.103353493
69.9856719971 274.944638774
69.998840332 274.823204778
69.9856338501 272.913020868
69.981880188 272.521468587
70.0531387329 273.040519606
70.0396347046 273.11288468
70.0317230225 273.920260327
70.0404663086 273.279273282
70.0083465576 273.90237966
70.0361938477 273.502510734
70.061668396 273.172651853
70.0456466675 272.77770554
70.0110626221 274.249045575
70.0424880981 272.426602659
70.028755188 272.058699718
70.0496673584 273.522616329
69.9874725342 272.966021881
69.985748291 272.785797925
69.9904098511 272.431799323
69.9824295044 272.223691621
69.8955993652 272.164957648
69.9116668701 272.587756301
69.9210586548 272.397275388
69.9346542358 272.02881864
69.9465332031 271.511815262
69.9344406128 270.890326473
69.9702453613 271.4196198
69.9600830078 271.042477752
69.8933486938 270.233125929
69.8955307007 269.906864381
69.8981399536 270.339417628
69.9005889893 269.861910663
69.9024734497 271.139872521
69.8915481567 269.671584454
69.9332427979 272.882767447
69.9285125732 272.193584409
69.9248809814 270.798651955
69.9059448242 271.229558409
69.9071121216 271.054410785
69.9159851074 271.51031263
69.899269104 271.882941408
69.8846969604 271.43386494
69.9004898071 271.543973883
69.9056167603 270.719852704
69.8926010132 270.748868567
69.8782653809 271.112623045
69.8650894165 270.426230319
69.864982605 270.590736169
69.9033889771 270.575202361
69.9549484253 271.242731148
69.9203491211 270.840637942
69.8916397095 270.70006581
69.8996505737 271.159863718
69.9243850708 270.209973
69.9033203125 270.757993657
69.9136886597 270.631155109
69.9376907349 271.309796355
69.9966812134 272.705907793
69.888885498 270.342493978
69.9302139282 270.396024012
69.8857192993 270.756176961
69.9070587158 270.420210928
69.8840103149 271.258657962
69.8828353882 270.386339256
69.8785400391 270.082627015
69.8747329712 270.504057777
69.8831863403 270.527336361
69.8633804321 270.55361593
69.8508834839 270.545926749
69.8493728638 269.478079402
69.8399047852 270.843730433
69.8058624268 269.978889298
69.8035583496 269.912590977
69.8259658813 269.835489302
69.8113021851 269.935499724
69.8619003296 270.108126039
69.8538665771 269.35674056
69.8474807739 270.449140657
69.8571395874 270.85988915
69.8658218384 269.587517553
69.8614959717 270.053394141
69.8501358032 271.732879891
69.8444061279 270.75878447
69.8239059448 270.541052572
69.8749923706 270.176073174
69.841293335 270.981559726
69.8568115234 270.373129407
69.814125061 269.470061614
69.8535766602 269.664064524
69.8681182861 269.45011385
69.8336791992 269.902415526
69.9075622559 269.927603672
69.9302215576 269.730713665
69.8972320557 269.716603711
69.8997573853 270.809619613
69.8940200806 270.790961141
69.8677368164 270.214531139
69.8715057373 270.106416495
69.8347473145 271.898589099
rmsd best score this run is 268.994152265
rmsd it has a RMSD of 69.886146545469.8861465454 268.994152265
repacking frequency for this run is 1000
74.1116409302 295.502873334
71.8748931885 287.233026138
71.7827301025 286.354142621
71.7961730957 286.461230204
71.7377471924 286.147580369
71.6654129028 286.032283739
71.508972168 285.307250399
71.4249725342 285.004146767
71.3224182129 284.746520616
70.9147186279 281.703574838
70.9661026001 281.566702824
70.9549102783 280.717709392
70.9337463379 281.003109933
70.9077453613 282.03154222
70.9447860718 281.612792838
70.9265975952 281.308543597
70.8548736572 281.167304796
71.07837677 283.575033397
70.8863296509 282.058420129
70.8545837402 281.007371527
70.8319702148 281.097276567
70.860206604 281.31862123
70.7871704102 281.147698219
70.7849884033 280.962972565
70.761428833 281.090925772
70.7826461792 280.89716981
70.8058395386 281.291983634
70.7815246582 281.186522844
70.7591171265 281.554525431
70.7556686401 280.681462775
70.7873764038 281.086082858
70.7696838379 280.924925343
70.7864837646 280.949735614
70.7677612305 281.241786049
70.7998962402 281.514213937
70.8172683716 281.355064547
70.7940826416 281.565587308
70.8409729004 281.409703611
70.8401947021 281.355422487
70.834602356 280.829424148
70.8567504883 281.513915486
70.8550567627 281.801841725
70.8686065674 281.416309787
70.9822921753 282.484264594
70.9791107178 281.554202682
70.9603424072 281.535674646
70.9881439209 281.458335748
70.9290084839 281.717711122
70.9010238647 281.683068962
70.8804473877 280.82285384
70.8817367554 281.322762045
70.9081420898 281.092187452
70.8716125488 281.012472603
70.8615570068 280.841929281
70.895904541 281.229812638
70.8924102783 280.953783904
70.9259185791 281.152014085
70.9246826172 281.059157448
70.9407806396 281.138326375
70.8895797729 280.868258339
70.8999023438 281.283016816
70.8988037109 281.054303973
70.9086914062 281.462426498
70.9381027222 281.494327293
71.0047988892 281.42308168
70.9209671021 282.384549637
70.8745422363 281.64339058
70.8680725098 281.562078682
70.8199539185 281.193717701
70.7783737183 281.258003008
70.8061218262 281.575843346
70.6729202271 280.800705763
70.6963577271 281.049627925
70.6674499512 281.30980796
70.6685409546 281.450574207
70.7327194214 281.083270758
70.7518844604 281.110131041
70.7125473022 281.367311772
70.6683731079 281.188055408
70.7216186523 280.993634805
70.737411499 281.252692533
70.7994689941 281.398546488
70.7755126953 280.897429305
70.7671356201 280.974061357
70.7605743408 281.2987326
70.7523574829 281.078073269
70.6619873047 280.852268951
70.6637115479 280.791053819
70.6227798462 281.025433243
70.6093673706 280.641008194
70.4409790039 281.739711264
70.2615585327 280.097065138
70.50050354 280.878558699
70.4235992432 279.840080653
70.4318161011 280.161927473
70.2018508911 279.596632776
70.0948104858 278.800494053
70.0361938477 278.002072843
69.9675674438 278.207267272
69.9594421387 277.267246529
69.9388275146 277.150102071
69.9738693237 278.494258448
69.9560165405 275.788243941
69.815536499 276.538705039
69.901802063 277.508118944
69.8715057373 277.548107327
69.8974380493 277.053770326
69.8693389893 276.679650987
69.8587799072 277.254514873
69.8967971802 277.376082613
69.7370986938 277.139774572
69.7428283691 276.936663342
69.6832351685 277.064271468
69.7407073975 276.313666829
69.7465286255 275.904876432
69.7700653076 276.789274001
69.7446365356 276.292062197
69.7180786133 275.823140112
69.5909423828 276.208120838
69.575050354 275.413464891
69.5902404785 275.597686449
69.5899810791 276.571442557
69.6811523438 276.192002849
69.5498428345 273.574272205
69.5664672852 272.838892784
69.5718460083 273.137187491
69.5301055908 273.947664051
69.5673370361 273.883224886
69.5472869873 273.439043621
69.5746688843 272.759567576
69.6045227051 274.32184813
69.6696548462 273.710652413
69.5932006836 274.53239337
69.6091003418 272.855341374
69.5625 273.452687006
69.568359375 274.054861078
69.4577407837 271.812374409
69.5055007935 272.216045487
69.473815918 272.720670192
69.4598922729 271.434438207
69.4461975098 271.007468241
69.4719390869 272.508470158
69.4862289429 272.226420995
69.5148010254 271.848072206
69.4309539795 271.570967191
69.4532394409 271.412819246
69.5722427368 272.073211865
69.5230178833 271.127419351
69.544303894 271.148693682
69.5786514282 271.177241534
69.516494751 270.758395422
69.4894561768 270.725746093
69.5517501831 270.6559667
69.531463623 270.165198294
69.5104598999 271.658319512
69.5184631348 269.962060126
69.5223999023 269.550092839
69.5108337402 270.370869863
69.4884033203 270.487034295
69.5730895996 271.871944024
69.5122680664 271.304343785
69.5304794312 270.318422902
69.5283813477 269.290782463
69.5121688843 269.171737304
69.5575027466 271.576486173
69.6148757935 273.13646466
69.5641555786 270.919850394
69.5451889038 271.668116218
69.5232009888 271.503802292
rmsd best score this run is 268.932915913
rmsd it has a RMSD of 69.51790618969.517906189 268.932915913
repacking frequency for this run is 10000
73.849105835 294.518878396
72.1687469482 287.299039056
72.4327468872 287.23880094
72.3653793335 287.091521892
72.2672653198 286.996359769
72.1727828979 286.535300374
71.96068573 285.154948686
72.1196289062 285.881915838
72.0809860229 285.492689934
72.1195755005 286.287227644
71.9179382324 285.825269373
71.9492721558 286.410607725
71.8906936646 284.950313424
71.8284301758 284.680805248
71.9949951172 285.678131866
71.8130722046 284.895725016
71.5856399536 283.296809669
71.6377563477 283.410346398
71.8230285645 285.181399693
71.5921325684 284.04406711
71.6376037598 282.40823619
71.5018692017 282.712137207
71.574005127 282.735708429
71.5654983521 282.231719171
71.5191345215 282.301451865
71.2719421387 281.974781601
71.5196533203 282.555923205
71.5721740723 282.31245528
71.4496307373 280.787115915
71.4226074219 280.660892577
71.2888336182 280.554419002
71.1570053101 279.942526618
71.314125061 280.676815225
71.3954238892 281.753011911
71.2477416992 280.154850543
71.3918457031 281.0198769
71.3424987793 280.501190967
71.3965377808 280.85865728
71.3643569946 280.59656797
71.3354263306 280.342575465
71.4774703979 281.367512557
71.4857254028 280.562588155
71.356010437 280.495636195
71.3360671997 280.382915191
71.3184738159 279.69009685
71.3804321289 280.854753288
71.2161941528 279.999561563
70.9004058838 278.206513363
70.8078231812 277.670604751
70.8526687622 276.945486819
70.861946106 277.092023598
70.8067932129 275.938401421
70.7314376831 277.313493692
70.8087234497 276.883063948
70.8410720825 277.892055548
70.7668304443 276.319793816
70.736366272 277.112988279
70.6413421631 276.307387221
70.4770812988 273.594580592
70.4906082153 273.968073016
70.5185928345 273.866701992
70.5150222778 273.826380819
70.4772415161 273.758176636
70.494468689 273.647971343
70.4864120483 273.538954851
70.4636688232 274.18717048
70.4950637817 273.669646346
70.4904632568 274.052109199
70.4807357788 274.176616454
70.4672927856 273.790545825
70.4647293091 274.428363772
70.4327697754 273.87067062
70.4895248413 274.198286161
70.3712310791 274.035857976
70.364074707 273.294126046
70.3252868652 273.184136026
70.2682266235 272.302828517
70.2242279053 272.365298819
70.2247390747 272.677795063
70.2664871216 271.987324148
70.2443847656 273.134410425
70.2485656738 272.799203496
70.2687149048 272.474594852
70.2455291748 273.909181248
70.213394165 274.01046822
70.2546234131 273.204163852
70.314666748 274.00338522
70.3643188477 273.10927118
70.2951660156 273.205491674
70.295425415 273.069399052
70.2723388672 272.873693011
70.1454086304 273.01621433
70.1051940918 272.759193965
70.0129852295 272.18610154
70.0121383667 271.770244378
69.9783096313 272.468210166
69.8988800049 270.833453867
69.8737106323 270.237530414
69.8581237793 269.461062066
69.8225860596 269.788428734
69.7981948853 270.11531023
69.8054351807 269.476184658
69.8252334595 269.58219668
69.781867981 269.810439291
69.7744293213 270.363055826
69.7712402344 269.779333273
69.797668457 269.763975136
69.7918014526 270.067963311
69.7613525391 269.485410387
69.7645568848 269.563272349
69.7931137085 269.627106773
69.7796173096 270.420463845
69.8064880371 270.90944174
69.8171844482 270.707223645
69.8057632446 270.687958866
69.8414382935 270.182587069
69.7838592529 269.487614875
69.7865524292 269.651853441
69.7826690674 269.684003034
69.8243865967 269.871613507
69.7750549316 269.601640585
69.8124160767 269.743511169
69.801399231 269.840065345
69.7912521362 270.033806851
69.7997131348 270.025055137
69.8054122925 270.154513025
69.792678833 270.274173393
69.808883667 269.822374376
69.7644958496 270.351008705
69.7328567505 269.614000173
69.7054138184 269.540812534
69.7444839478 268.667005118
69.7690734863 268.993276906
69.7911453247 268.777981505
69.820526123 269.258686176
69.7962799072 268.421428669
69.8543167114 268.1196751
69.8488388062 268.089932167
69.8476333618 267.935305174
69.9303436279 270.18746821
69.9223632812 267.941402229
69.8648986816 267.806198936
69.8697509766 268.127776561
69.8625564575 268.989374558
69.888343811 268.211484072
69.8628387451 268.267993397
69.8597183228 268.523584651
69.81980896 269.223305766
69.8259048462 268.47366805
69.825843811 268.436712558
69.8562469482 269.459291881
69.8298797607 268.339864629
69.8646240234 268.060278766
69.8636779785 268.029554554
69.8726425171 268.024924012
69.8383560181 267.984633843
69.874710083 268.11150944
69.9034423828 268.362232531
69.8627929688 268.690093873
69.8087692261 269.397799702
69.8044433594 267.953788278
69.7959365845 268.341185224
69.865524292 268.282000025
69.8312454224 268.367758549
69.8972930908 269.155093455
69.8714141846 268.877466616
69.7668304443 270.031086632
69.8244476318 268.713715108
69.8480987549 268.151761048
rmsd best score this run is 267.428865221
rmsd it has a RMSD of 69.863639831569.8636398315 267.428865221
