rmsd and score between current and native structure
rmsd		score
repacking frequency for this run is 10
46.054271698 87.4081023367
45.9390144348 85.2333738634
46.017906189 85.257357663
46.0459442139 85.1614790242
46.0365066528 85.011878176
46.0749320984 84.9731374696
45.999206543 85.1836803658
45.9945335388 84.9748866946
46.0553703308 85.1679804848
46.0004692078 85.1287644544
46.0896072388 85.2901640929
46.0441017151 85.2441984375
46.0538063049 85.1721803702
46.0231056213 85.0168717081
46.0970573425 85.0848464399
45.9679222107 85.1994165654
46.0008659363 85.0800953361
46.0096473694 85.0902712986
46.0409545898 85.0850477346
46.0364570618 85.093102081
46.0356369019 85.1348248771
45.9289474487 85.0342481658
46.0304107666 85.2217420015
46.0430335999 85.0522662233
46.0182800293 85.1747154136
46.0347213745 85.122840399
46.0297317505 85.0658902014
46.0612068176 85.1289785734
45.990146637 85.1420013289
45.9828567505 85.2276979851
46.002456665 85.1758250495
46.0328521729 85.2500112449
46.0578384399 85.1998550606
46.1074829102 85.2171515251
46.0325431824 85.2431241003
46.0766983032 85.2367049454
46.0281105042 85.0459373821
46.0155982971 85.2422763513
45.9411582947 85.3402973524
46.098072052 85.1970739863
46.0954246521 85.1449523144
46.0125694275 85.134869809
46.0434188843 85.2862450049
46.0816116333 85.1609268617
46.0549430847 85.2208944202
46.0947723389 85.106488304
46.0794067383 85.4767073487
46.0701255798 85.0630246519
46.0844802856 85.0847451011
46.0600090027 85.1493499963
46.0578651428 85.0832753257
46.0411949158 85.0765770785
46.0617523193 85.1648089975
46.0484313965 85.051437998
46.0589141846 85.2860353693
46.1118392944 85.2023706129
45.3449745178 84.7478054433
45.5954475403 84.7470353047
45.8745994568 84.6965656763
45.6565589905 84.6155121346
45.6479225159 84.8068485495
45.5624961853 84.7474512849
45.573348999 84.8026673252
45.6089630127 84.9306536487
45.91355896 84.4599062578
45.8182029724 84.4497811931
45.7863044739 84.4399355758
45.8954238892 84.5410479587
45.9193763733 84.4269280671
45.848903656 84.514177959
45.9022483826 84.5442912869
45.9179115295 84.3560945104
45.90467453 84.5292397711
45.8156776428 84.7783758264
45.918422699 84.65800634
45.8759078979 84.5202229198
45.9067802429 84.5170302752
45.8620491028 84.7559256247
45.8793907166 84.5935758683
45.8763427734 84.7100675418
45.9139442444 84.5737710744
45.8218917847 84.5997533159
45.8950271606 84.6177030195
45.9276046753 84.5686960414
45.8319129944 84.4300671043
45.9326477051 84.4707722914
45.7309875488 84.510527162
45.9010925293 84.6437351895
45.8667793274 84.7468554588
45.8495445251 84.4537324834
45.9152183533 84.5248255471
45.8913879395 84.3861873775
45.8261795044 84.4385396865
45.911781311 84.4705158999
45.9284095764 84.4177143192
45.8648948669 84.5025694607
45.8758735657 84.5191025362
45.9468917847 84.5296674364
45.8663902283 84.574929454
45.8293304443 84.417477459
45.7948417664 84.477370086
45.8027076721 84.8095628098
45.8951644897 84.4479857522
45.8720321655 84.6775664935
45.899230957 84.379977866
45.8751144409 84.3586957886
45.6804161072 84.6157904509
45.9239578247 84.5191977612
45.888256073 84.5688144034
45.8982086182 84.461975307
45.9193572998 84.6308825792
45.9133377075 84.626045193
45.940448761 84.6417319451
45.9048805237 84.5966174049
45.8640632629 84.6278595189
45.8885993958 84.5728202628
45.9235458374 84.4010546241
45.9049911499 84.4491392604
45.8870162964 84.6868187655
45.7700042725 84.7466593275
45.9098701477 84.5844865782
45.9183921814 84.5628572608
45.8836402893 84.4780619105
45.9062423706 84.5751597499
45.8354873657 84.36170198
45.8403778076 84.5396828184
45.9212417603 84.8811833416
45.8560752869 84.5011278612
45.9015464783 84.4265737557
45.8945159912 84.6402288679
45.8855323792 84.4286615855
45.8003349304 84.4426927364
45.8865280151 84.4142856808
45.9195022583 84.5567343236
45.9261245728 84.3553501884
45.8584289551 84.3942239242
45.894077301 84.440235968
45.9175796509 84.3410783631
45.8276519775 84.6510675246
45.7689437866 84.7245901523
45.6861610413 84.4925483262
45.8858413696 84.7140945273
45.8693809509 84.511607859
45.8513069153 84.5012211253
45.6851119995 84.7596167997
45.8447570801 84.7381901196
45.8440666199 84.7044522068
45.8955574036 84.5229199237
45.8105125427 84.5234878161
45.933467865 84.5077115988
45.8199691772 84.4972001315
45.937828064 84.661585262
45.9291267395 84.5996470721
45.9208068848 84.5882569065
45.902961731 84.4593304532
45.9131088257 84.5542549194
45.7150802612 84.5132212491
45.8152313232 84.6026273159
45.9038047791 84.5542295984
45.8467674255 84.6408182168
45.892906189 84.5462828816
45.758808136 84.5709833325
45.8467216492 84.412929634
45.9092254639 84.5339517133
45.7821655273 84.5516333682
45.6314888 84.7063605011
45.878288269 84.4945152756
45.9632339478 84.5671221115
45.8067321777 84.4170675199
45.736743927 84.59884566
rmsd best score this run is 84.2616880017
rmsd it has a RMSD of 45.828926086445.8289260864 84.2616880017
repacking frequency for this run is 100
45.3146362305 86.9818352117
45.5967826843 84.9936557003
45.5779266357 84.8084787901
45.3808364868 84.715649021
45.3351898193 84.8225182073
45.3639259338 84.8706406969
45.4349784851 84.820131176
45.572467804 84.7290177682
45.4834823608 84.7219440356
45.4798316956 84.7279487867
45.4808273315 84.818496794
45.6023521423 84.737104037
45.404964447 84.7592119105
45.3461112976 84.8578797664
45.5449905396 84.7644917123
45.558391571 84.7754906057
45.3153953552 84.7946674198
45.4438323975 84.9181943929
45.5685424805 84.8059014527
45.2979164124 84.8685436836
45.4984855652 84.7555669738
45.2886695862 84.7441361233
45.2707290649 84.7243645281
45.4608840942 84.8799727159
45.237159729 84.8021537528
45.4155349731 84.8853743365
45.3765678406 84.8288336183
45.3067169189 84.7836832034
45.3507232666 84.7282860058
45.4381561279 84.8967137974
45.2791862488 84.7129688332
45.3517494202 84.73765454
45.2371253967 84.8602166903
45.3441581726 84.849786164
45.1935424805 84.8127979925
45.241519928 84.7443544488
45.2941818237 84.7455432879
45.4135437012 84.8053526381
45.3115119934 84.7319845606
45.2956924438 84.7499448669
45.1415863037 84.7297436226
45.3049430847 84.6887282123
45.1781272888 84.7622011004
45.3205757141 84.9180184752
45.3931808472 84.8899415793
45.3056755066 84.7815993859
45.1155281067 84.7608347061
45.2531890869 84.8072677943
45.3316421509 84.6872314974
45.2385292053 84.777751688
45.0128860474 84.7894040785
45.2523956299 84.7417193047
45.4292678833 84.8808921314
45.4649543762 84.7690209094
45.3930969238 84.7340866899
45.5716972351 84.8186288394
45.1323204041 84.8117816628
45.465297699 84.7861611934
45.3831481934 84.8626123645
45.4872016907 84.8048624562
45.2652740479 84.7749728867
45.428855896 84.748066698
45.35779953 84.7427017305
45.3915748596 84.9687253218
45.23645401 84.7963484654
45.3199920654 84.881620101
45.2894821167 84.806285304
45.3757743835 84.8723735435
45.5089149475 84.7306442136
45.2779846191 84.7334291859
45.3187065125 84.6955954635
45.2466621399 84.7085217207
45.44506073 84.9029163234
45.1768760681 84.8336217908
45.4979019165 84.8082818984
45.537071228 84.7772642417
45.2783584595 84.703874816
45.3493232727 84.6866313916
45.3302192688 84.8314935383
45.2939834595 84.7518990537
45.3417816162 84.7029592389
45.2977180481 84.6465657062
45.7415275574 84.9833953884
45.423324585 84.9733185594
45.3420257568 84.9724016014
45.3015937805 84.6533810812
45.3418922424 84.7651030534
45.3302841187 84.6913975065
45.4126205444 84.7541190758
45.190738678 84.8327414013
45.3943405151 84.8846975681
45.3145523071 84.8524483594
45.507270813 84.8123850509
45.3879585266 84.8225389322
45.4315910339 84.8078746416
45.3593063354 84.7375314596
45.7174758911 84.9302262496
45.2693405151 84.7175748896
45.388874054 84.747426954
45.5694694519 84.2527696268
45.4781265259 84.1111595275
45.6435470581 84.0546641632
45.623790741 84.1205688832
45.5713844299 84.025961369
45.5764007568 84.0371337599
45.595375061 84.0224954861
45.6689109802 84.2470388501
45.5158157349 84.0894120897
45.4970283508 84.1922575875
45.6559257507 84.1302278796
45.5545349121 84.0412154685
45.6431541443 84.1056901276
45.5813102722 84.0611515728
45.7186355591 84.1694973614
45.4497756958 84.0727454687
45.4974746704 84.2258501998
45.6223220825 84.1621206069
45.7010688782 84.1105639651
45.4555473328 84.1187672609
45.5779380798 84.2262941605
45.6193733215 84.0984826361
45.573009491 84.0558625642
45.643901825 84.1572717575
45.546005249 84.2423217976
45.5361824036 84.2206661323
45.6488761902 84.037650754
45.6088867188 84.1509709565
45.6684684753 84.1514665751
45.5428352356 84.0659293878
45.5184173584 84.0217319609
45.5224761963 84.0914197047
45.529209137 84.1764711363
45.5781707764 84.1385977225
45.3646087646 84.0972516594
45.4652481079 84.0881106377
45.5423545837 84.181100472
45.6014633179 84.1050915082
45.5842895508 84.1071064536
45.6458969116 84.1475973218
45.4811859131 84.1736583146
45.515537262 84.2709647245
45.5239219666 84.1078088145
45.2538948059 84.1377784988
45.5519714355 84.0950629969
45.5647850037 84.0935318487
45.5917167664 84.0716663577
45.6301460266 84.0655332805
45.5416793823 84.0305196042
45.6016464233 84.0829614183
45.4579582214 84.120791432
45.5581207275 84.4041488278
45.6553382874 84.1888512291
45.6834449768 84.0690244596
45.6275405884 84.1641532073
45.4911880493 84.2410486937
45.4863243103 84.0833264215
45.5427589417 84.157638163
45.4491233826 84.0002982105
45.4441452026 84.1146023403
45.4649047852 84.1325587544
45.6779594421 84.215880658
45.4867897034 84.1441797335
45.5018920898 84.1013936378
45.6199913025 84.1337550982
45.3980178833 84.0883759119
45.5503425598 84.2005147282
45.5141677856 84.1447948376
45.4782905579 84.1246459334
45.5976142883 84.0310514394
45.4592132568 84.1176656249
rmsd best score this run is 83.9309074827
rmsd it has a RMSD of 45.593513488845.5935134888 83.9309074827
repacking frequency for this run is 1000
45.6024131775 36312.8638992
45.2363777161 35437.0326459
45.4338493347 87.3834344492
45.2178878784 85.0326593252
45.1727790833 83.7649027975
45.1916046143 83.7447159497
45.1985740662 83.7781574147
45.122467041 83.8457598068
45.0867881775 83.8614084369
45.1365737915 83.7956339029
45.1785850525 83.7540332143
45.2277069092 83.787582333
45.302280426 83.5703627883
45.291721344 83.4750136741
45.2836914062 83.4646229639
45.2888526917 83.6237068961
45.2735481262 83.5713462284
45.3038444519 83.5634160431
45.2968711853 83.475090328
45.2141494751 83.4711212604
45.3628158569 83.5725542367
45.2671356201 83.4295470206
45.2545547485 83.4386047748
45.2057304382 83.429818486
45.2920265198 83.5525132391
45.3277244568 83.5014691208
45.349811554 83.6273312796
45.2920608521 83.4535858746
45.2861442566 83.4757003722
45.3214263916 83.5013561104
45.2909812927 83.5357516703
45.2685508728 83.5975434881
45.2065734863 83.4783632707
45.2357406616 83.5154827617
45.3348197937 83.5360161681
45.2310943604 83.5350278674
45.2680244446 83.5070479401
45.2593460083 83.5201349158
45.2867774963 83.4616859909
45.3321609497 83.4678509567
45.3305358887 83.5791459984
45.3556632996 83.5380156384
45.2566146851 83.4661303831
45.1563491821 83.7320611959
45.2172317505 83.582889616
45.2739868164 83.4933561967
45.2625656128 83.4995995781
45.2459487915 83.4696310257
45.2937774658 83.4751662552
45.3247833252 83.4539452107
45.2122421265 83.4886382419
45.0868911743 83.5805797132
45.2816581726 83.4706294244
45.2450065613 83.4876501291
45.0933609009 83.5045438995
45.3245353699 83.5151745593
45.0836334229 83.5397896328
45.2419471741 83.2670322078
45.2399711609 83.137879477
45.2591438293 83.1999982505
45.0483779907 83.2576257823
45.2362060547 83.0280060337
45.2730178833 83.0955609304
45.2461357117 83.2119157451
45.2261161804 82.9739716409
45.2866973877 83.1484734319
45.2259902954 83.1262343642
45.207901001 83.2276180252
45.2281265259 83.0941015647
45.1676940918 83.3317953164
45.261302948 83.0722620281
45.3003501892 83.0696464837
45.1556243896 83.1588741712
45.2358283997 83.0366390297
45.282245636 83.0472359172
45.321598053 83.1607733259
45.3138504028 83.0798104957
45.2747917175 83.1598043162
45.2362747192 83.0549946416
45.259147644 82.9706779423
45.1725349426 83.0890557216
45.3263092041 83.0478195648
45.327129364 83.0106958177
45.279800415 83.1413186596
45.1583061218 83.1072289747
45.1447639465 83.2162796345
45.2755279541 83.1553939824
45.1651611328 83.1786397989
44.9177093506 83.0981045898
44.9533729553 82.9583663027
45.0839118958 83.0309632583
44.8918991089 83.0794469281
44.9925994873 83.0264763423
45.0186271667 83.0412296285
45.0786972046 82.9714789497
45.0513916016 82.9766747852
44.9519882202 83.0409556384
44.86977005 83.1463120526
45.0061721802 83.1080383831
44.9625091553 83.0621548506
44.8624458313 83.0899357087
44.9082756042 83.1282693572
44.8851127625 83.0412437091
44.9455833435 83.0689687096
44.898059845 82.959986103
44.9607658386 83.0863687222
45.057723999 83.028871918
44.8898582458 83.0040127824
45.0603981018 83.0666235411
44.837184906 83.0813705411
45.0442504883 83.0499554458
44.9480361938 83.06514603
45.0362892151 83.167811282
44.9573020935 83.0116204819
44.909198761 83.0496322376
44.7673835754 83.1224475349
44.8121871948 83.0706198519
44.9215927124 83.0999861125
44.9165534973 83.1360213353
45.1247329712 83.1389471358
44.9221725464 83.0684677164
44.9953651428 83.0851270066
44.9899749756 83.1322802963
44.8536109924 83.1723999682
44.9162750244 83.1527229902
45.0162506104 83.141460509
44.9187507629 83.112121271
44.9410705566 83.1107422656
44.823551178 83.0942610609
44.8746261597 82.9969475744
44.9421844482 82.9798165465
44.8867988586 83.0686361597
44.9311332703 82.9862512992
44.9302024841 83.0711040362
44.8963813782 82.9936181942
44.8520774841 83.0636470126
44.9274940491 83.1363248522
44.8693008423 83.0542673063
44.8781661987 82.9164376497
44.8916015625 82.9878981674
44.8636474609 83.0274059308
44.962802887 83.0334017721
44.8948097229 83.0100646456
44.9140090942 83.0539039579
44.9091873169 83.0158382891
44.8960380554 82.9469222757
44.9927558899 82.9750504461
44.9624710083 83.0699228296
45.0108947754 83.00515582
44.9779624939 83.1389485198
44.9204101562 83.1151847557
45.0367507935 83.0801726224
45.0269584656 82.580144313
44.9943847656 82.5340121076
44.9650115967 82.5720489741
44.9306602478 82.4164024949
45.0498695374 82.5403219015
44.9882125854 82.3900108796
45.1054840088 82.5179201821
44.7795906067 82.4656196217
44.9748687744 82.4258975829
44.9719238281 82.4313107652
44.8572998047 82.399552213
44.8485984802 82.4392247443
44.8427276611 82.4479549551
44.8296127319 82.4506242493
44.8694190979 82.4872485381
44.905670166 82.4472357524
44.9083480835 82.4137594405
44.8367919922 82.5762014447
rmsd best score this run is 82.3129959329
rmsd it has a RMSD of 44.894260406544.8942604065 82.3129959329
repacking frequency for this run is 10000
45.990814209 36253.3788693
45.195941925 35412.2394351
44.5346336365 35318.8803052
44.5260162354 35319.0154965
44.5217704773 35319.0101431
44.4766960144 35318.8730034
44.6333122253 35318.9724601
44.4357032776 35319.0930829
44.4321403503 35319.8174594
44.4795837402 35319.1544108
44.5406608582 35319.2969018
44.6129074097 35319.2334044
44.5766983032 35319.387661
44.6149177551 35319.5305267
44.4698677063 35318.785463
44.4400024414 35319.0423692
44.480846405 35318.9977081
44.7372550964 86.4075667398
44.3341407776 84.1342252931
44.251449585 83.5947844396
44.2039833069 83.6883613608
44.2671394348 83.6608653595
44.2575683594 83.60831312
44.2068519592 83.6173178441
44.2333946228 83.7572874294
44.2161254883 83.7171791874
44.1414909363 83.6194905086
44.3038368225 83.710404097
44.2670593262 83.6179122717
43.9832763672 83.8192005846
44.2598114014 83.7401522195
44.3036384583 83.7301142914
44.2861785889 83.6575856368
44.4044914246 83.6631526889
44.4817504883 82.8716706607
44.1914749146 82.5020968496
44.1944351196 82.3842410536
44.4885292053 82.4219418294
44.3268699646 82.6010148436
44.4352607727 82.5725855923
44.0731239319 82.4512370666
44.2101020813 82.5133247421
44.24036026 82.3788337033
44.201839447 82.4232240707
44.2829589844 82.4627620033
44.4144592285 82.4658109287
44.3070144653 82.4287611118
44.2922744751 82.4722436702
44.2739105225 82.5784433003
44.2196540833 82.3996326396
44.3490715027 82.5228632391
44.5976409912 82.5895200431
44.2546768188 82.5175064812
44.1541213989 82.4342589211
44.4574050903 82.485702865
44.0993995667 81.9238344312
44.0391311646 81.8031534074
43.9901390076 81.8205706342
43.9506645203 81.8680054552
43.9022865295 81.9716393023
44.3317489624 81.9520831849
43.8546524048 81.921154756
43.8314247131 81.9068108825
44.0071983337 81.9430882905
44.0739250183 81.9163743196
44.1980667114 81.966253152
44.0001602173 81.8504009106
43.9170303345 81.972760075
43.8676109314 81.778820233
43.9827194214 81.9089762945
44.0265159607 81.8436926309
44.0578041077 81.9185451776
44.0089454651 81.8662152359
43.9996032715 81.9731760238
44.2231025696 81.9824977018
43.9846191406 81.9983109692
43.8514938354 81.9274437997
43.7968864441 81.8781946936
44.2532157898 81.9517218511
43.9686965942 81.9845656401
44.0528640747 81.9869052582
43.9179534912 81.9132843012
44.229724884 82.0031320618
43.797290802 81.8743419175
44.0848274231 81.8817708291
43.8997421265 81.7427245033
43.8959083557 82.0051416814
44.1664543152 81.869576418
44.1423873901 81.9212431234
43.7602081299 81.9789149026
43.7724380493 81.9519889897
43.6533851624 82.069581046
43.9775085449 81.820281451
44.1188774109 81.9682451991
43.9688262939 81.8762319044
43.8737945557 82.0199097242
43.9453620911 81.8480207138
44.3482131958 81.9575933141
44.0539932251 81.7873313382
43.944694519 81.8914224981
43.8862075806 81.9077442689
43.8761978149 82.0125537942
44.073638916 81.9776972952
44.0151481628 81.8487895505
43.869972229 81.80809522
43.9331512451 81.8836650263
44.0125961304 81.8008365015
43.9641113281 81.8187559856
44.2425727844 81.8542864876
44.081035614 81.935366953
44.0811653137 81.8242993403
43.9242591858 81.7548432628
44.0626831055 81.856338584
44.033782959 81.8453123232
43.7836647034 81.8099036115
43.7714004517 81.9233115217
44.1613807678 81.9104267768
43.9146575928 81.9174770265
43.8611068726 81.7519218458
44.5356330872 81.9562503145
43.9977340698 81.9792363558
43.818572998 81.9795535368
43.8024635315 81.7469560656
43.8863601685 81.8616884026
44.0388717651 81.8935497666
43.6259803772 81.8400664988
43.7972297668 81.8014570165
43.9758758545 81.8260687066
43.8689422607 81.902851599
44.0178260803 81.8179235755
44.1397285461 81.8368605631
43.9469070435 81.846412997
44.0666465759 81.7742317774
43.825881958 81.7246390896
43.8273391724 81.916774251
43.9250640869 81.7849779162
43.9502449036 81.7161625738
43.9649162292 81.7824403661
44.1687812805 81.7631329573
44.1167488098 81.7399438685
43.5042228699 81.9391161947
43.6078948975 81.9705133405
43.8373222351 81.7852914742
44.0797767639 81.8479246978
43.8991394043 81.9312081011
43.9973373413 81.8552794811
43.8002891541 81.8751477399
43.9714012146 81.7484022173
43.8758621216 81.8277250507
43.8860092163 81.8365341679
43.8714981079 82.0396586385
43.7379302979 81.8170210216
43.8842582703 81.814866736
43.921749115 81.7309867109
44.1603317261 81.8090648019
44.090637207 81.7690443895
43.9023246765 81.8058247531
44.0517997742 81.7440627135
43.9350776672 81.6955792111
43.8507232666 81.723959465
43.610206604 81.883540982
44.0079574585 81.8372114756
43.9875946045 81.8621715914
43.7759094238 81.9368575952
44.1304893494 81.8119753922
43.9213523865 81.8799831745
43.9422874451 81.8365527311
44.0332565308 81.9747846317
43.9109687805 81.8169353894
44.1811676025 81.8105810798
rmsd best score this run is 81.6600698366
rmsd it has a RMSD of 43.814582824743.8145828247 81.6600698366
